# BEGIN PLOT
DrawOnly=B B-PP
Legend=1
LegendOnly=//home/marek/work/aav-ew/results/yodas/envelopes-aaz/aaz_B.yoda/MC_AAZ_NLOEW/dphi_y2_l1l2 //home/marek/work/aav-ew/results/yodas/envelopes-aaz/aaz_B_aa_induced.yoda/MC_AAZ_NLOEW/dphi_y2_l1l2
LogY=1
MainPlot=0
PlotSize=10,5
RatioPlot=0
RatioPlot1=1
RatioPlot1DrawOnly=B B-PP
RatioPlot1Legend1=0
RatioPlot1Legend1Only=B B-PP
RatioPlot1Legend1XPos=0.5
RatioPlot1Legend1YPos=0.9
RatioPlot1LogY=1
RatioPlot1Reference=B
RatioPlot1SameStyle=1
RatioPlot1YLabel=d$\sigma$/d$\sigma_\text{LO}^{q\bar{q}}$
RatioPlot1YMajorTickMarks=5
RatioPlot1YMax=1e1
RatioPlot1YMin=1e-4
RatioPlot1YSize=3
Title=
XLabel=$\Delta\phi_{\gamma_2,\ell^+\ell^-}$
XTwosidedTicks=1
YLabel=d$\sigma$/d$\Delta\phi$ [pb]
YTwosidedTicks=1
# END PLOT

# BEGIN HISTO1D //home/marek/work/aav-ew/results/yodas/envelopes-aaz/aaz_B.yoda/MC_AAZ_NLOEW/dphi_y2_l1l2
ErrorBandColor=blue
ErrorBandOpacity=0.2
ErrorBands=1
ErrorType=env
LineColor=blue!80!black
LineStyle=dotted
LineWidth=1.5pt
Name=B
Path=//home/marek/work/aav-ew/results/yodas/envelopes-aaz/aaz_B.yoda/MC_AAZ_NLOEW/dphi_y2_l1l2
Title=LO $q\bar{q}$-induced
# xlow	 xhigh	 val	 errminus	 errplus
0.000000e+00	1.570796e-01	1.104527e-03	9.379194e-05	8.126071e-05
1.570797e-01	3.141594e-01	1.098304e-03	9.408854e-05	8.160571e-05
3.141593e-01	4.712389e-01	1.094084e-03	9.551845e-05	8.301651e-05
4.712389e-01	6.283185e-01	1.108327e-03	9.905806e-05	8.630210e-05
6.283186e-01	7.853982e-01	1.148879e-03	1.054414e-04	9.209974e-05
7.853982e-01	9.424778e-01	1.217389e-03	1.147724e-04	1.005210e-04
9.424774e-01	1.099557e+00	1.313252e-03	1.274911e-04	1.120091e-04
1.099557e+00	1.256637e+00	1.444206e-03	1.444531e-04	1.273281e-04
1.256637e+00	1.413717e+00	1.626772e-03	1.679329e-04	1.485574e-04
1.413717e+00	1.570796e+00	1.884554e-03	2.011064e-04	1.786019e-04
1.570796e+00	1.727876e+00	2.147159e-03	2.348090e-04	2.091425e-04
1.727876e+00	1.884956e+00	2.106166e-03	2.284396e-04	2.032920e-04
1.884956e+00	2.042035e+00	1.853174e-03	1.936796e-04	1.716327e-04
2.042035e+00	2.199115e+00	1.570012e-03	1.559995e-04	1.374803e-04
2.199114e+00	2.356194e+00	1.336795e-03	1.255782e-04	1.100058e-04
2.356194e+00	2.513274e+00	1.166915e-03	1.037433e-04	9.034059e-05
2.513274e+00	2.670354e+00	1.054036e-03	8.936275e-05	7.740705e-05
2.670354e+00	2.827434e+00	9.791920e-04	8.024561e-05	6.923714e-05
2.827433e+00	2.984513e+00	8.644945e-04	6.973262e-05	6.003501e-05
2.984513e+00	3.141593e+00	6.927750e-04	5.413484e-05	4.640374e-05
# END HISTO1D

# BEGIN HISTO1D //home/marek/work/aav-ew/results/yodas/envelopes-aaz/aaz_B_aa_induced.yoda/MC_AAZ_NLOEW/dphi_y2_l1l2
LineColor=purple
LineStyle=solid
LineWidth=1.5pt
Name=B-PP
Path=//home/marek/work/aav-ew/results/yodas/envelopes-aaz/aaz_B_aa_induced.yoda/MC_AAZ_NLOEW/dphi_y2_l1l2
Title=LO $\gamma\gamma$-induced
# xlow	 xhigh	 val	 errminus	 errplus
0.000000e+00	1.570796e-01	3.555245e-06	4.155700e-09	4.155700e-09
1.570797e-01	3.141594e-01	3.584939e-06	4.172641e-09	4.172641e-09
3.141593e-01	4.712389e-01	3.596398e-06	4.145974e-09	4.145974e-09
4.712389e-01	6.283185e-01	3.671828e-06	4.210821e-09	4.210821e-09
6.283186e-01	7.853982e-01	3.796762e-06	4.216279e-09	4.216279e-09
7.853982e-01	9.424778e-01	3.965302e-06	4.321201e-09	4.321201e-09
9.424774e-01	1.099557e+00	4.185184e-06	4.468163e-09	4.468163e-09
1.099557e+00	1.256637e+00	4.497666e-06	4.638564e-09	4.638564e-09
1.256637e+00	1.413717e+00	4.906113e-06	4.879010e-09	4.879010e-09
1.413717e+00	1.570796e+00	5.461308e-06	5.177640e-09	5.177640e-09
1.570796e+00	1.727876e+00	6.021253e-06	5.492672e-09	5.492672e-09
1.727876e+00	1.884956e+00	5.971966e-06	5.366609e-09	5.366609e-09
1.884956e+00	2.042035e+00	5.520704e-06	5.073973e-09	5.073973e-09
2.042035e+00	2.199115e+00	5.039634e-06	4.515754e-09	4.515754e-09
2.199114e+00	2.356194e+00	4.674428e-06	4.181419e-09	4.181419e-09
2.356194e+00	2.513274e+00	4.468916e-06	3.899137e-09	3.899137e-09
2.513274e+00	2.670354e+00	4.359549e-06	3.761128e-09	3.761128e-09
2.670354e+00	2.827434e+00	4.275153e-06	3.570511e-09	3.570511e-09
2.827433e+00	2.984513e+00	3.885708e-06	3.371623e-09	3.371623e-09
2.984513e+00	3.141593e+00	3.099449e-06	3.002082e-09	3.002082e-09
# END HISTO1D

