# BEGIN PLOT
CustomLegend=LHC 13 TeV\\$\mu_{R/F}=m_{\gamma\gamma\gamma}$\\CT14 NLO
DrawOnly=B NLO-QCD NLO-EW NLO-QCD+EW NLO-QCDxEW
Legend=1
Legend1=1
Legend1Only=B NLO-QCD NLO-EW NLO-QCD+EW NLO-QCDxEW
Legend1XPos=0.15
Legend1YPos=0.5
LegendOnly=//home/marek/work/aav-ew/results/yodas/envelopes-aaa/aaa_B.yoda/MC_TRIPHOTON_NLOEW/pT_y1 //home/marek/work/aav-ew/results/yodas/envelopes-aaa/aaa_BVIRS_QCD.yoda/MC_TRIPHOTON_NLOEW/pT_y1 //home/marek/work/aav-ew/results/yodas/envelopes-aaa/aaa_BVIRS_EW.yoda/MC_TRIPHOTON_NLOEW/pT_y1 //home/marek/work/aav-ew/results/yodas/envelopes-aaa/aaa_BVIRS_QCD+EW.yoda/MC_TRIPHOTON_NLOEW/pT_y1 //home/marek/work/aav-ew/results/yodas/envelopes-aaa/aaa_BVIRS_QCDxEW.yoda/MC_TRIPHOTON_NLOEW/pT_y1
LegendXPos=0.6
LegendYPos=0.9
LogY=1
PlotSize=10,5
RatioPlot=0
RatioPlot1=1
RatioPlot1DrawOnly=B NLO-QCD NLO-EW NLO-QCD+EW NLO-QCDxEW
RatioPlot1Reference=B
RatioPlot1SameStyle=1
RatioPlot1YLabel=d$\sigma$/d$\sigma_\text{LO}$
RatioPlot1YMajorTickMarks=5
RatioPlot1YMax=3.4999
RatioPlot1YMin=0.5001
RatioPlot1YSize=5
RatioPlot2=1
RatioPlot2DrawOnly=B NLO-EW
RatioPlot2Reference=B
RatioPlot2SameStyle=1
RatioPlot2YLabel=d$\sigma$/d$\sigma_\text{LO}$
RatioPlot2YMajorTickMarks=10
RatioPlot2YMax=1.1999
RatioPlot2YMin=0.8001
RatioPlot2YSize=5
Title=\hspace*{94pt}$\text{pp} \to \gamma\gamma\gamma$\; @\; 13 TeV
XLabel=$p_{\mathrm{T},\gamma_1}$ [GeV]
XTwosidedTicks=1
YLabel=d$\sigma$/d$p_\mathrm{T}$ [pb/GeV]
YMax=1e-3
YMin=1e-9
YTwosidedTicks=1
# END PLOT


# BEGIN SPECIAL /MC_TRIPHOTON_NLOEW/pT_y1
Location=MainPlot
\rput[tr]{90}(1.008,1.){\textsc{Sherpa+GoSam}}
# END SPECIAL

# BEGIN HISTO1D //home/marek/work/aav-ew/results/yodas/envelopes-aaa/aaa_B.yoda/MC_TRIPHOTON_NLOEW/pT_y1
ErrorBandColor=blue
ErrorBandOpacity=0.2
ErrorBands=1
ErrorType=env
LineColor=blue!80!black
LineStyle=dotted
LineWidth=1.5pt
Name=B
Path=//home/marek/work/aav-ew/results/yodas/envelopes-aaa/aaa_B.yoda/MC_TRIPHOTON_NLOEW/pT_y1
Title=LO
# xlow	 xhigh	 val	 errminus	 errplus
0.000000e+00	5.000000e+00	0.000000e+00	0.000000e+00	0.000000e+00
5.000000e+00	1.000000e+01	0.000000e+00	0.000000e+00	0.000000e+00
1.000000e+01	1.500000e+01	0.000000e+00	0.000000e+00	0.000000e+00
1.500000e+01	2.000000e+01	0.000000e+00	0.000000e+00	0.000000e+00
2.000000e+01	2.500000e+01	0.000000e+00	0.000000e+00	0.000000e+00
2.500000e+01	3.000000e+01	0.000000e+00	0.000000e+00	0.000000e+00
3.000000e+01	3.500000e+01	0.000000e+00	0.000000e+00	0.000000e+00
3.500000e+01	4.000000e+01	0.000000e+00	0.000000e+00	0.000000e+00
4.000000e+01	4.500000e+01	3.093940e-05	3.745500e-06	3.321320e-06
4.500000e+01	5.000000e+01	4.234810e-05	4.808120e-06	4.230220e-06
5.000000e+01	5.500000e+01	5.188170e-05	5.558980e-06	4.857240e-06
5.500000e+01	6.000000e+01	6.125864e-05	6.242300e-06	5.422580e-06
6.000000e+01	6.500000e+01	7.278252e-05	7.107120e-06	6.143400e-06
6.500000e+01	7.000000e+01	7.648706e-05	7.055360e-06	6.057140e-06
7.000000e+01	7.500000e+01	7.364084e-05	6.365040e-06	5.421960e-06
7.500000e+01	8.000000e+01	6.810062e-05	5.501580e-06	4.648460e-06
8.000000e+01	8.500000e+01	6.174530e-05	4.657520e-06	3.902840e-06
8.500000e+01	9.000000e+01	5.539370e-05	3.899820e-06	3.240340e-06
9.000000e+01	9.500000e+01	4.943524e-05	3.248520e-06	2.675820e-06
9.500000e+01	1.000000e+02	4.399874e-05	2.698280e-06	2.202760e-06
1.000000e+02	1.050000e+02	3.914600e-05	2.238840e-06	1.810680e-06
1.050000e+02	1.100000e+02	3.485832e-05	1.858080e-06	1.488100e-06
1.100000e+02	1.150000e+02	3.108100e-05	1.542340e-06	1.222520e-06
1.150000e+02	1.200000e+02	2.774030e-05	1.280460e-06	1.003800e-06
1.200000e+02	1.250000e+02	2.482118e-05	1.064000e-06	8.241800e-07
1.250000e+02	1.300000e+02	2.226844e-05	8.846800e-07	6.763400e-07
1.300000e+02	1.350000e+02	1.999321e-05	7.349420e-07	5.538940e-07
1.350000e+02	1.400000e+02	1.799926e-05	6.103080e-07	4.526520e-07
1.400000e+02	1.450000e+02	1.623880e-05	5.066200e-07	3.690740e-07
1.450000e+02	1.500000e+02	1.468675e-05	4.202460e-07	3.000000e-07
1.500000e+02	1.550000e+02	1.330690e-05	3.472800e-07	2.421000e-07
1.550000e+02	1.600000e+02	1.209025e-05	2.864880e-07	1.942660e-07
1.600000e+02	1.650000e+02	1.098879e-05	2.349880e-07	1.541460e-07
1.650000e+02	1.700000e+02	1.001263e-05	1.917760e-07	1.207860e-07
1.700000e+02	1.750000e+02	9.136760e-06	1.555060e-07	9.309800e-08
1.750000e+02	1.800000e+02	8.360156e-06	1.247080e-07	6.976800e-08
1.800000e+02	1.850000e+02	7.651606e-06	9.884200e-08	5.047200e-08
1.850000e+02	1.900000e+02	7.030828e-06	7.708600e-08	3.439400e-08
1.900000e+02	1.950000e+02	6.448552e-06	5.846600e-08	2.088000e-08
1.950000e+02	2.000000e+02	5.924176e-06	4.292600e-08	9.808000e-09
2.000000e+02	2.050000e+02	5.464774e-06	2.975600e-08	5.040000e-10
2.050000e+02	2.100000e+02	5.045952e-06	1.879200e-08	0.000000e+00
2.100000e+02	2.150000e+02	4.659342e-06	1.332000e-08	0.000000e+00
2.150000e+02	2.200000e+02	4.306152e-06	1.830400e-08	0.000000e+00
2.200000e+02	2.250000e+02	3.989584e-06	2.257000e-08	4.826000e-09
2.250000e+02	2.300000e+02	3.701012e-06	2.576600e-08	1.009600e-08
2.300000e+02	2.350000e+02	3.430232e-06	2.838600e-08	1.461000e-08
2.350000e+02	2.400000e+02	3.192606e-06	3.058200e-08	1.845800e-08
2.400000e+02	2.450000e+02	2.963100e-06	3.195600e-08	2.130800e-08
2.450000e+02	2.500000e+02	2.759666e-06	3.317000e-08	2.383400e-08
2.500000e+02	2.550000e+02	2.572158e-06	3.398000e-08	2.581400e-08
2.550000e+02	2.600000e+02	2.397276e-06	3.436400e-08	2.722000e-08
2.600000e+02	2.650000e+02	2.241390e-06	3.466200e-08	2.843000e-08
2.650000e+02	2.700000e+02	2.092808e-06	3.465800e-08	2.924800e-08
2.700000e+02	2.750000e+02	1.956467e-06	3.457320e-08	2.990720e-08
2.750000e+02	2.800000e+02	1.832639e-06	3.427380e-08	3.024640e-08
2.800000e+02	2.850000e+02	1.715179e-06	3.382520e-08	3.037700e-08
2.850000e+02	2.900000e+02	1.606268e-06	3.337480e-08	3.045880e-08
2.900000e+02	2.950000e+02	1.504102e-06	3.273800e-08	3.028400e-08
2.950000e+02	3.000000e+02	1.411842e-06	3.208240e-08	3.003540e-08
3.000000e+02	3.050000e+02	1.328788e-06	3.149340e-08	2.981000e-08
3.050000e+02	3.100000e+02	1.249312e-06	3.074900e-08	2.938580e-08
3.100000e+02	3.150000e+02	1.175792e-06	3.003480e-08	2.896160e-08
3.150000e+02	3.200000e+02	1.107581e-06	2.928260e-08	2.846260e-08
3.200000e+02	3.250000e+02	1.040235e-06	2.844960e-08	2.786640e-08
3.250000e+02	3.300000e+02	9.769284e-07	2.755180e-08	2.717020e-08
3.300000e+02	3.350000e+02	9.241600e-07	2.682300e-08	2.661120e-08
3.350000e+02	3.400000e+02	8.705368e-07	2.600140e-08	2.595020e-08
3.400000e+02	3.450000e+02	8.220060e-07	2.523080e-08	2.531920e-08
3.450000e+02	3.500000e+02	7.720060e-07	2.431720e-08	2.452900e-08
3.500000e+02	3.550000e+02	7.304474e-07	2.359620e-08	2.391640e-08
3.550000e+02	3.600000e+02	6.939218e-07	2.299500e-08	2.341920e-08
3.600000e+02	3.650000e+02	6.553878e-07	2.220600e-08	2.270700e-08
3.650000e+02	3.700000e+02	6.196786e-07	2.150020e-08	2.208040e-08
3.700000e+02	3.750000e+02	5.878446e-07	2.083000e-08	2.147320e-08
3.750000e+02	3.800000e+02	5.542410e-07	2.002920e-08	2.071780e-08
3.800000e+02	3.850000e+02	5.261940e-07	1.938080e-08	2.011380e-08
3.850000e+02	3.900000e+02	4.974978e-07	1.868420e-08	1.945320e-08
3.900000e+02	3.950000e+02	4.719432e-07	1.805160e-08	1.885360e-08
3.950000e+02	4.000000e+02	4.454526e-07	1.734660e-08	1.816980e-08
4.000000e+02	4.050000e+02	4.258880e-07	1.687160e-08	1.772040e-08
4.050000e+02	4.100000e+02	4.011438e-07	1.617680e-08	1.704020e-08
4.100000e+02	4.150000e+02	3.833456e-07	1.571000e-08	1.659060e-08
4.150000e+02	4.200000e+02	3.623460e-07	1.509060e-08	1.597660e-08
4.200000e+02	4.250000e+02	3.459094e-07	1.459820e-08	1.548680e-08
4.250000e+02	4.300000e+02	3.277322e-07	1.405420e-08	1.494660e-08
4.300000e+02	4.350000e+02	3.114886e-07	1.355780e-08	1.445120e-08
4.350000e+02	4.400000e+02	2.944438e-07	1.298500e-08	1.386860e-08
4.400000e+02	4.450000e+02	2.813706e-07	1.258960e-08	1.347460e-08
4.450000e+02	4.500000e+02	2.691772e-07	1.220760e-08	1.309120e-08
4.500000e+02	4.550000e+02	2.556178e-07	1.173400e-08	1.260640e-08
4.550000e+02	4.600000e+02	2.435564e-07	1.132820e-08	1.219280e-08
4.600000e+02	4.650000e+02	2.330014e-07	1.095560e-08	1.181100e-08
4.650000e+02	4.700000e+02	2.199638e-07	1.047700e-08	1.131600e-08
4.700000e+02	4.750000e+02	2.098426e-07	1.009428e-08	1.091800e-08
4.750000e+02	4.800000e+02	2.002366e-07	9.780100e-09	1.060060e-08
4.800000e+02	4.850000e+02	1.922778e-07	9.483720e-09	1.029296e-08
4.850000e+02	4.900000e+02	1.831906e-07	9.150960e-09	9.950000e-09
4.900000e+02	4.950000e+02	1.739819e-07	8.769320e-09	9.546960e-09
4.950000e+02	5.000000e+02	1.665284e-07	8.475100e-09	9.239140e-09
# END HISTO1D

# BEGIN HISTO1D //home/marek/work/aav-ew/results/yodas/envelopes-aaa/aaa_BVIRS_QCD.yoda/MC_TRIPHOTON_NLOEW/pT_y1
ErrorBandColor={[rgb]{0.13,0.54,0.13}}
ErrorBandOpacity=0.4
ErrorBands=1
ErrorType=env
LineColor={[rgb]{0.13,0.54,0.13}}
LineStyle=solid
LineWidth=2pt
Name=NLO-QCD
Path=//home/marek/work/aav-ew/results/yodas/envelopes-aaa/aaa_BVIRS_QCD.yoda/MC_TRIPHOTON_NLOEW/pT_y1
Title=NLO QCD
# xlow	 xhigh	 val	 errminus	 errplus
0.000000e+00	5.000000e+00	0.000000e+00	0.000000e+00	0.000000e+00
5.000000e+00	1.000000e+01	0.000000e+00	0.000000e+00	0.000000e+00
1.000000e+01	1.500000e+01	0.000000e+00	0.000000e+00	0.000000e+00
1.500000e+01	2.000000e+01	0.000000e+00	0.000000e+00	0.000000e+00
2.000000e+01	2.500000e+01	0.000000e+00	0.000000e+00	0.000000e+00
2.500000e+01	3.000000e+01	0.000000e+00	0.000000e+00	0.000000e+00
3.000000e+01	3.500000e+01	0.000000e+00	0.000000e+00	0.000000e+00
3.500000e+01	4.000000e+01	0.000000e+00	0.000000e+00	0.000000e+00
4.000000e+01	4.500000e+01	9.886692e-05	8.501360e-06	7.010040e-06
4.500000e+01	5.000000e+01	1.264318e-04	1.066360e-05	8.419340e-06
5.000000e+01	5.500000e+01	1.441805e-04	1.193858e-05	8.957660e-06
5.500000e+01	6.000000e+01	1.555063e-04	1.258750e-05	8.765060e-06
6.000000e+01	6.500000e+01	1.593466e-04	1.243348e-05	7.337440e-06
6.500000e+01	7.000000e+01	1.582833e-04	1.210580e-05	6.602720e-06
7.000000e+01	7.500000e+01	1.530236e-04	1.160786e-05	6.433840e-06
7.500000e+01	8.000000e+01	1.440437e-04	1.086274e-05	6.225780e-06
8.000000e+01	8.500000e+01	1.331954e-04	9.996900e-06	5.924320e-06
8.500000e+01	9.000000e+01	1.219759e-04	9.098820e-06	5.583280e-06
9.000000e+01	9.500000e+01	1.101038e-04	8.161540e-06	5.093480e-06
9.500000e+01	1.000000e+02	9.938888e-05	7.330900e-06	4.671260e-06
1.000000e+02	1.050000e+02	9.172980e-05	6.759820e-06	4.499940e-06
1.050000e+02	1.100000e+02	8.157300e-05	5.961740e-06	3.979020e-06
1.100000e+02	1.150000e+02	7.352218e-05	5.349660e-06	3.611520e-06
1.150000e+02	1.200000e+02	6.647262e-05	4.810380e-06	3.307120e-06
1.200000e+02	1.250000e+02	6.027948e-05	4.343880e-06	3.026780e-06
1.250000e+02	1.300000e+02	5.437498e-05	3.895700e-06	2.736780e-06
1.300000e+02	1.350000e+02	4.946186e-05	3.533140e-06	2.513300e-06
1.350000e+02	1.400000e+02	4.443984e-05	3.184740e-06	2.238160e-06
1.400000e+02	1.450000e+02	4.079552e-05	2.965420e-06	2.080160e-06
1.450000e+02	1.500000e+02	3.706302e-05	2.729420e-06	1.945220e-06
1.500000e+02	1.550000e+02	3.332408e-05	2.483080e-06	1.788700e-06
1.550000e+02	1.600000e+02	3.061416e-05	2.310740e-06	1.689460e-06
1.600000e+02	1.650000e+02	2.809774e-05	2.146280e-06	1.594460e-06
1.650000e+02	1.700000e+02	2.562624e-05	1.981800e-06	1.485260e-06
1.700000e+02	1.750000e+02	2.329372e-05	1.827020e-06	1.375180e-06
1.750000e+02	1.800000e+02	2.133388e-05	1.693618e-06	1.282380e-06
1.800000e+02	1.850000e+02	2.006528e-05	1.603430e-06	1.241700e-06
1.850000e+02	1.900000e+02	1.831909e-05	1.485430e-06	1.154690e-06
1.900000e+02	1.950000e+02	1.648243e-05	1.350296e-06	1.043916e-06
1.950000e+02	2.000000e+02	1.548096e-05	1.272594e-06	9.965560e-07
2.000000e+02	2.050000e+02	1.424309e-05	1.185858e-06	9.334660e-07
2.050000e+02	2.100000e+02	1.319957e-05	1.108182e-06	8.781100e-07
2.100000e+02	2.150000e+02	1.241891e-05	1.049200e-06	8.447520e-07
2.150000e+02	2.200000e+02	1.123017e-05	9.594340e-07	7.680320e-07
2.200000e+02	2.250000e+02	1.064463e-05	9.158940e-07	7.436060e-07
2.250000e+02	2.300000e+02	9.535610e-06	8.222220e-07	6.572740e-07
2.300000e+02	2.350000e+02	9.320834e-06	8.161700e-07	6.725740e-07
2.350000e+02	2.400000e+02	8.442738e-06	7.423820e-07	6.088980e-07
2.400000e+02	2.450000e+02	7.849180e-06	6.960640e-07	5.712160e-07
2.450000e+02	2.500000e+02	7.450792e-06	6.667820e-07	5.515140e-07
2.500000e+02	2.550000e+02	6.611088e-06	5.885000e-07	4.772000e-07
2.550000e+02	2.600000e+02	6.377960e-06	5.752620e-07	4.760740e-07
2.600000e+02	2.650000e+02	6.065212e-06	5.522220e-07	4.636660e-07
2.650000e+02	2.700000e+02	5.571478e-06	5.091480e-07	4.259380e-07
2.700000e+02	2.750000e+02	5.177194e-06	4.738480e-07	3.939260e-07
2.750000e+02	2.800000e+02	4.926072e-06	4.525040e-07	3.799520e-07
2.800000e+02	2.850000e+02	4.416036e-06	4.089520e-07	3.395300e-07
2.850000e+02	2.900000e+02	4.388126e-06	4.102280e-07	3.477840e-07
2.900000e+02	2.950000e+02	3.972428e-06	3.726640e-07	3.130140e-07
2.950000e+02	3.000000e+02	3.739736e-06	3.507320e-07	2.955260e-07
3.000000e+02	3.050000e+02	3.489226e-06	3.297040e-07	2.783640e-07
3.050000e+02	3.100000e+02	3.555484e-06	3.406740e-07	2.979220e-07
3.100000e+02	3.150000e+02	3.030884e-06	2.876400e-07	2.415760e-07
3.150000e+02	3.200000e+02	2.933088e-06	2.807040e-07	2.404100e-07
3.200000e+02	3.250000e+02	2.684148e-06	2.546700e-07	2.139140e-07
3.250000e+02	3.300000e+02	2.732468e-06	2.667760e-07	2.351160e-07
3.300000e+02	3.350000e+02	2.422746e-06	2.335880e-07	2.000240e-07
3.350000e+02	3.400000e+02	2.354750e-06	2.306200e-07	2.010620e-07
3.400000e+02	3.450000e+02	2.233188e-06	2.193400e-07	1.924260e-07
3.450000e+02	3.500000e+02	2.111962e-06	2.097054e-07	1.856500e-07
3.500000e+02	3.550000e+02	1.932197e-06	1.902874e-07	1.667314e-07
3.550000e+02	3.600000e+02	1.915353e-06	1.908644e-07	1.704952e-07
3.600000e+02	3.650000e+02	1.809518e-06	1.809494e-07	1.617600e-07
3.650000e+02	3.700000e+02	1.675853e-06	1.679798e-07	1.502794e-07
3.700000e+02	3.750000e+02	1.620676e-06	1.633324e-07	1.468698e-07
3.750000e+02	3.800000e+02	1.490239e-06	1.493492e-07	1.322224e-07
3.800000e+02	3.850000e+02	1.436061e-06	1.453990e-07	1.297878e-07
3.850000e+02	3.900000e+02	1.318025e-06	1.341160e-07	1.197746e-07
3.900000e+02	3.950000e+02	1.258398e-06	1.270806e-07	1.135668e-07
3.950000e+02	4.000000e+02	1.189586e-06	1.224462e-07	1.103182e-07
4.000000e+02	4.050000e+02	1.199127e-06	1.223620e-07	1.118902e-07
4.050000e+02	4.100000e+02	1.164841e-06	1.214752e-07	1.139256e-07
4.100000e+02	4.150000e+02	9.570696e-07	9.770900e-08	8.643400e-08
4.150000e+02	4.200000e+02	1.063028e-06	1.117552e-07	1.042732e-07
4.200000e+02	4.250000e+02	9.333474e-07	9.704020e-08	8.899680e-08
4.250000e+02	4.300000e+02	8.937332e-07	9.292780e-08	8.527320e-08
4.300000e+02	4.350000e+02	8.141244e-07	8.479460e-08	7.624760e-08
4.350000e+02	4.400000e+02	7.935702e-07	8.331180e-08	7.593400e-08
4.400000e+02	4.450000e+02	7.863080e-07	8.299900e-08	7.703960e-08
4.450000e+02	4.500000e+02	7.317434e-07	7.663260e-08	7.002260e-08
4.500000e+02	4.550000e+02	7.550380e-07	8.179480e-08	7.735200e-08
4.550000e+02	4.600000e+02	6.298922e-07	6.628780e-08	6.009920e-08
4.600000e+02	4.650000e+02	6.193864e-07	6.538320e-08	6.010320e-08
4.650000e+02	4.700000e+02	6.391486e-07	6.877760e-08	6.500360e-08
4.700000e+02	4.750000e+02	5.614490e-07	5.984920e-08	5.491980e-08
4.750000e+02	4.800000e+02	4.733512e-07	5.022880e-08	4.436440e-08
4.800000e+02	4.850000e+02	5.682682e-07	6.084980e-08	5.802220e-08
4.850000e+02	4.900000e+02	5.157460e-07	5.612560e-08	5.345980e-08
4.900000e+02	4.950000e+02	4.755930e-07	5.137920e-08	4.815320e-08
4.950000e+02	5.000000e+02	4.499180e-07	4.852420e-08	4.544700e-08
# END HISTO1D

# BEGIN HISTO1D //home/marek/work/aav-ew/results/yodas/envelopes-aaa/aaa_BVIRS_EW.yoda/MC_TRIPHOTON_NLOEW/pT_y1
ErrorBandColor=orange
ErrorBandOpacity=0.4
ErrorBands=1
ErrorType=env
LineColor=orange!80!black
LineStyle=solid
LineWidth=1.5pt
Name=NLO-EW
Path=//home/marek/work/aav-ew/results/yodas/envelopes-aaa/aaa_BVIRS_EW.yoda/MC_TRIPHOTON_NLOEW/pT_y1
Title=NLO EW
# xlow	 xhigh	 val	 errminus	 errplus
0.000000e+00	5.000000e+00	0.000000e+00	0.000000e+00	0.000000e+00
5.000000e+00	1.000000e+01	0.000000e+00	0.000000e+00	0.000000e+00
1.000000e+01	1.500000e+01	0.000000e+00	0.000000e+00	0.000000e+00
1.500000e+01	2.000000e+01	0.000000e+00	0.000000e+00	0.000000e+00
2.000000e+01	2.500000e+01	0.000000e+00	0.000000e+00	0.000000e+00
2.500000e+01	3.000000e+01	0.000000e+00	0.000000e+00	0.000000e+00
3.000000e+01	3.500000e+01	0.000000e+00	0.000000e+00	0.000000e+00
3.500000e+01	4.000000e+01	0.000000e+00	0.000000e+00	0.000000e+00
4.000000e+01	4.500000e+01	3.142974e-05	3.804860e-06	3.373960e-06
4.500000e+01	5.000000e+01	4.300629e-05	4.882850e-06	4.295970e-06
5.000000e+01	5.500000e+01	5.267875e-05	5.644380e-06	4.931860e-06
5.500000e+01	6.000000e+01	6.217269e-05	6.335440e-06	5.503500e-06
6.000000e+01	6.500000e+01	7.372509e-05	7.199160e-06	6.222960e-06
6.500000e+01	7.000000e+01	7.746615e-05	7.145670e-06	6.134680e-06
7.000000e+01	7.500000e+01	7.464756e-05	6.452050e-06	5.496080e-06
7.500000e+01	8.000000e+01	6.910576e-05	5.582780e-06	4.717070e-06
8.000000e+01	8.500000e+01	6.271789e-05	4.730880e-06	3.964320e-06
8.500000e+01	9.000000e+01	5.630000e-05	3.963630e-06	3.293360e-06
9.000000e+01	9.500000e+01	5.024479e-05	3.301720e-06	2.719640e-06
9.500000e+01	1.000000e+02	4.469525e-05	2.740990e-06	2.237630e-06
1.000000e+02	1.050000e+02	3.970432e-05	2.270770e-06	1.836500e-06
1.050000e+02	1.100000e+02	3.528351e-05	1.880740e-06	1.506250e-06
1.100000e+02	1.150000e+02	3.139237e-05	1.557790e-06	1.234770e-06
1.150000e+02	1.200000e+02	2.795363e-05	1.290310e-06	1.011520e-06
1.200000e+02	1.250000e+02	2.495296e-05	1.069650e-06	8.285500e-07
1.250000e+02	1.300000e+02	2.234010e-05	8.875300e-07	6.785100e-07
1.300000e+02	1.350000e+02	2.001202e-05	7.356300e-07	5.544200e-07
1.350000e+02	1.400000e+02	1.797981e-05	6.096500e-07	4.521600e-07
1.400000e+02	1.450000e+02	1.618700e-05	5.050000e-07	3.679000e-07
1.450000e+02	1.500000e+02	1.461047e-05	4.180600e-07	2.984500e-07
1.500000e+02	1.550000e+02	1.321494e-05	3.448800e-07	2.404200e-07
1.550000e+02	1.600000e+02	1.198070e-05	2.838900e-07	1.925000e-07
1.600000e+02	1.650000e+02	1.086926e-05	2.324300e-07	1.524700e-07
1.650000e+02	1.700000e+02	9.885780e-06	1.893460e-07	1.192600e-07
1.700000e+02	1.750000e+02	9.004289e-06	1.532520e-07	9.174800e-08
1.750000e+02	1.800000e+02	8.223355e-06	1.226670e-07	6.862600e-08
1.800000e+02	1.850000e+02	7.514300e-06	9.706800e-08	4.956700e-08
1.850000e+02	1.900000e+02	6.895591e-06	7.560300e-08	3.373200e-08
1.900000e+02	1.950000e+02	6.310275e-06	5.721200e-08	2.043200e-08
1.950000e+02	2.000000e+02	5.788852e-06	4.194500e-08	9.584000e-09
2.000000e+02	2.050000e+02	5.330665e-06	2.902600e-08	4.920000e-10
2.050000e+02	2.100000e+02	4.914028e-06	1.830100e-08	0.000000e+00
2.100000e+02	2.150000e+02	4.528400e-06	1.294500e-08	0.000000e+00
2.150000e+02	2.200000e+02	4.180378e-06	1.776900e-08	0.000000e+00
2.200000e+02	2.250000e+02	3.867157e-06	2.187700e-08	4.678000e-09
2.250000e+02	2.300000e+02	3.581687e-06	2.493500e-08	9.771000e-09
2.300000e+02	2.350000e+02	3.315189e-06	2.743400e-08	1.412000e-08
2.350000e+02	2.400000e+02	3.081613e-06	2.951800e-08	1.781700e-08
2.400000e+02	2.450000e+02	2.854230e-06	3.078200e-08	2.052500e-08
2.450000e+02	2.500000e+02	2.654111e-06	3.190100e-08	2.292200e-08
2.500000e+02	2.550000e+02	2.468925e-06	3.261600e-08	2.477800e-08
2.550000e+02	2.600000e+02	2.300621e-06	3.297800e-08	2.612300e-08
2.600000e+02	2.650000e+02	2.147322e-06	3.320800e-08	2.723700e-08
2.650000e+02	2.700000e+02	2.001635e-06	3.314800e-08	2.797400e-08
2.700000e+02	2.750000e+02	1.870982e-06	3.306200e-08	2.860100e-08
2.750000e+02	2.800000e+02	1.747458e-06	3.268100e-08	2.884000e-08
2.800000e+02	2.850000e+02	1.633532e-06	3.221500e-08	2.893100e-08
2.850000e+02	2.900000e+02	1.528246e-06	3.175400e-08	2.897900e-08
2.900000e+02	2.950000e+02	1.428766e-06	3.109800e-08	2.876700e-08
2.950000e+02	3.000000e+02	1.337536e-06	3.039400e-08	2.845400e-08
3.000000e+02	3.050000e+02	1.257175e-06	2.979600e-08	2.820400e-08
3.050000e+02	3.100000e+02	1.182332e-06	2.910000e-08	2.781000e-08
3.100000e+02	3.150000e+02	1.109575e-06	2.834300e-08	2.733100e-08
3.150000e+02	3.200000e+02	1.044582e-06	2.761700e-08	2.684300e-08
3.200000e+02	3.250000e+02	9.790505e-07	2.677620e-08	2.622750e-08
3.250000e+02	3.300000e+02	9.191195e-07	2.592140e-08	2.556240e-08
3.300000e+02	3.350000e+02	8.677643e-07	2.518610e-08	2.498730e-08
3.350000e+02	3.400000e+02	8.179489e-07	2.443070e-08	2.438260e-08
3.400000e+02	3.450000e+02	7.705246e-07	2.365060e-08	2.373350e-08
3.450000e+02	3.500000e+02	7.238387e-07	2.280000e-08	2.299860e-08
3.500000e+02	3.550000e+02	6.814440e-07	2.201320e-08	2.231200e-08
3.550000e+02	3.600000e+02	6.474299e-07	2.145430e-08	2.185020e-08
3.600000e+02	3.650000e+02	6.108479e-07	2.069690e-08	2.116390e-08
3.650000e+02	3.700000e+02	5.761068e-07	1.998850e-08	2.052780e-08
3.700000e+02	3.750000e+02	5.461247e-07	1.935170e-08	1.994920e-08
3.750000e+02	3.800000e+02	5.159559e-07	1.864570e-08	1.928660e-08
3.800000e+02	3.850000e+02	4.878661e-07	1.796910e-08	1.864870e-08
3.850000e+02	3.900000e+02	4.617936e-07	1.734330e-08	1.805710e-08
3.900000e+02	3.950000e+02	4.380825e-07	1.675640e-08	1.750090e-08
3.950000e+02	4.000000e+02	4.093292e-07	1.593990e-08	1.669630e-08
4.000000e+02	4.050000e+02	3.925567e-07	1.555120e-08	1.633350e-08
4.050000e+02	4.100000e+02	3.697204e-07	1.490960e-08	1.570540e-08
4.100000e+02	4.150000e+02	3.530718e-07	1.446940e-08	1.528040e-08
4.150000e+02	4.200000e+02	3.339054e-07	1.390620e-08	1.472260e-08
4.200000e+02	4.250000e+02	3.190491e-07	1.346460e-08	1.428430e-08
4.250000e+02	4.300000e+02	2.997837e-07	1.285570e-08	1.367200e-08
4.300000e+02	4.350000e+02	2.849624e-07	1.240320e-08	1.322050e-08
4.350000e+02	4.400000e+02	2.687508e-07	1.185190e-08	1.265850e-08
4.400000e+02	4.450000e+02	2.573437e-07	1.151450e-08	1.232400e-08
4.450000e+02	4.500000e+02	2.448501e-07	1.110430e-08	1.190810e-08
4.500000e+02	4.550000e+02	2.335601e-07	1.072140e-08	1.151860e-08
4.550000e+02	4.600000e+02	2.231734e-07	1.038020e-08	1.117240e-08
4.600000e+02	4.650000e+02	2.114198e-07	9.940900e-09	1.071700e-08
4.650000e+02	4.700000e+02	1.993290e-07	9.494100e-09	1.025450e-08
4.700000e+02	4.750000e+02	1.896869e-07	9.124700e-09	9.869300e-09
4.750000e+02	4.800000e+02	1.827777e-07	8.927300e-09	9.676300e-09
4.800000e+02	4.850000e+02	1.743500e-07	8.599500e-09	9.333200e-09
4.850000e+02	4.900000e+02	1.659094e-07	8.287700e-09	9.011400e-09
4.900000e+02	4.950000e+02	1.574494e-07	7.936000e-09	8.639800e-09
4.950000e+02	5.000000e+02	1.491656e-07	7.591400e-09	8.275900e-09
# END HISTO1D

# BEGIN HISTO1D //home/marek/work/aav-ew/results/yodas/envelopes-aaa/aaa_BVIRS_QCD+EW.yoda/MC_TRIPHOTON_NLOEW/pT_y1
ErrorType=env
LineColor=red!90!black
LineStyle=solid
LineWidth=1.5pt
Name=NLO-QCD+EW
Path=//home/marek/work/aav-ew/results/yodas/envelopes-aaa/aaa_BVIRS_QCD+EW.yoda/MC_TRIPHOTON_NLOEW/pT_y1
Title=NLO QCD+EW
# xlow	 xhigh	 val	 errminus	 errplus
0.000000e+00	5.000000e+00	0.000000e+00	0.000000e+00	0.000000e+00
5.000000e+00	1.000000e+01	0.000000e+00	0.000000e+00	0.000000e+00
1.000000e+01	1.500000e+01	0.000000e+00	0.000000e+00	0.000000e+00
1.500000e+01	2.000000e+01	0.000000e+00	0.000000e+00	0.000000e+00
2.000000e+01	2.500000e+01	0.000000e+00	0.000000e+00	0.000000e+00
2.500000e+01	3.000000e+01	0.000000e+00	0.000000e+00	0.000000e+00
3.000000e+01	3.500000e+01	0.000000e+00	0.000000e+00	0.000000e+00
3.500000e+01	4.000000e+01	0.000000e+00	0.000000e+00	0.000000e+00
4.000000e+01	4.500000e+01	9.935726e-05	8.501360e-06	7.010040e-06
4.500000e+01	5.000000e+01	1.270900e-04	1.066360e-05	8.419400e-06
5.000000e+01	5.500000e+01	1.449776e-04	1.193860e-05	8.957600e-06
5.500000e+01	6.000000e+01	1.564203e-04	1.258750e-05	8.765100e-06
6.000000e+01	6.500000e+01	1.602892e-04	1.243350e-05	7.337400e-06
6.500000e+01	7.000000e+01	1.592624e-04	1.210580e-05	6.602700e-06
7.000000e+01	7.500000e+01	1.540303e-04	1.160790e-05	6.433800e-06
7.500000e+01	8.000000e+01	1.450489e-04	1.086280e-05	6.225700e-06
8.000000e+01	8.500000e+01	1.341679e-04	9.996900e-06	5.924400e-06
8.500000e+01	9.000000e+01	1.228822e-04	9.098800e-06	5.583300e-06
9.000000e+01	9.500000e+01	1.109133e-04	8.161500e-06	5.093500e-06
9.500000e+01	1.000000e+02	1.000854e-04	7.330910e-06	4.671200e-06
1.000000e+02	1.050000e+02	9.228812e-05	6.759820e-06	4.499940e-06
1.050000e+02	1.100000e+02	8.199819e-05	5.961740e-06	3.979020e-06
1.100000e+02	1.150000e+02	7.383355e-05	5.349660e-06	3.611520e-06
1.150000e+02	1.200000e+02	6.668595e-05	4.810380e-06	3.307120e-06
1.200000e+02	1.250000e+02	6.041126e-05	4.343880e-06	3.026780e-06
1.250000e+02	1.300000e+02	5.444664e-05	3.895700e-06	2.736780e-06
1.300000e+02	1.350000e+02	4.948068e-05	3.533140e-06	2.513300e-06
1.350000e+02	1.400000e+02	4.442039e-05	3.185220e-06	2.238160e-06
1.400000e+02	1.450000e+02	4.074372e-05	2.966600e-06	2.081420e-06
1.450000e+02	1.500000e+02	3.698675e-05	2.730980e-06	1.947400e-06
1.500000e+02	1.550000e+02	3.323212e-05	2.484760e-06	1.791100e-06
1.550000e+02	1.600000e+02	3.050462e-05	2.312510e-06	1.692050e-06
1.600000e+02	1.650000e+02	2.797822e-05	2.147970e-06	1.597000e-06
1.650000e+02	1.700000e+02	2.549939e-05	1.983330e-06	1.487700e-06
1.700000e+02	1.750000e+02	2.316125e-05	1.828380e-06	1.377430e-06
1.750000e+02	1.800000e+02	2.119709e-05	1.694770e-06	1.284410e-06
1.800000e+02	1.850000e+02	1.992798e-05	1.604340e-06	1.243470e-06
1.850000e+02	1.900000e+02	1.818385e-05	1.486090e-06	1.156180e-06
1.900000e+02	1.950000e+02	1.634415e-05	1.350750e-06	1.045170e-06
1.950000e+02	2.000000e+02	1.534563e-05	1.272810e-06	9.975400e-07
2.000000e+02	2.050000e+02	1.410898e-05	1.185870e-06	9.342000e-07
2.050000e+02	2.100000e+02	1.306764e-05	1.107990e-06	8.786100e-07
2.100000e+02	2.150000e+02	1.228797e-05	1.048820e-06	8.450200e-07
2.150000e+02	2.200000e+02	1.110440e-05	9.589000e-07	7.680800e-07
2.200000e+02	2.250000e+02	1.052221e-05	9.152040e-07	7.434600e-07
2.250000e+02	2.300000e+02	9.416285e-06	8.213910e-07	6.569450e-07
2.300000e+02	2.350000e+02	9.205791e-06	8.152180e-07	6.720840e-07
2.350000e+02	2.400000e+02	8.331745e-06	7.413180e-07	6.082570e-07
2.400000e+02	2.450000e+02	7.740310e-06	6.948900e-07	5.704330e-07
2.450000e+02	2.500000e+02	7.345237e-06	6.655130e-07	5.506020e-07
2.500000e+02	2.550000e+02	6.507855e-06	5.871360e-07	4.761640e-07
2.550000e+02	2.600000e+02	6.281305e-06	5.738760e-07	4.749770e-07
2.600000e+02	2.650000e+02	5.971144e-06	5.507680e-07	4.624730e-07
2.650000e+02	2.700000e+02	5.480305e-06	5.076380e-07	4.246640e-07
2.700000e+02	2.750000e+02	5.091708e-06	4.723360e-07	3.926210e-07
2.750000e+02	2.800000e+02	4.840890e-06	4.509110e-07	3.785460e-07
2.800000e+02	2.850000e+02	4.334388e-06	4.073410e-07	3.380850e-07
2.850000e+02	2.900000e+02	4.310104e-06	4.086060e-07	3.463050e-07
2.900000e+02	2.950000e+02	3.897092e-06	3.710240e-07	3.114970e-07
2.950000e+02	3.000000e+02	3.665430e-06	3.490440e-07	2.939440e-07
3.000000e+02	3.050000e+02	3.417613e-06	3.280070e-07	2.767580e-07
3.050000e+02	3.100000e+02	3.488504e-06	3.390250e-07	2.963460e-07
3.100000e+02	3.150000e+02	2.964668e-06	2.859490e-07	2.399440e-07
3.150000e+02	3.200000e+02	2.870089e-06	2.790390e-07	2.387900e-07
3.200000e+02	3.250000e+02	2.622962e-06	2.529970e-07	2.122770e-07
3.250000e+02	3.300000e+02	2.674658e-06	2.651440e-07	2.335100e-07
3.300000e+02	3.350000e+02	2.366350e-06	2.319510e-07	1.984010e-07
3.350000e+02	3.400000e+02	2.302162e-06	2.290500e-07	1.994940e-07
3.400000e+02	3.450000e+02	2.181706e-06	2.177600e-07	1.908410e-07
3.450000e+02	3.500000e+02	2.063794e-06	2.081880e-07	1.841200e-07
3.500000e+02	3.550000e+02	1.883193e-06	1.887040e-07	1.651260e-07
3.550000e+02	3.600000e+02	1.868861e-06	1.893240e-07	1.689260e-07
3.600000e+02	3.650000e+02	1.764979e-06	1.794410e-07	1.602160e-07
3.650000e+02	3.700000e+02	1.632281e-06	1.664680e-07	1.487270e-07
3.700000e+02	3.750000e+02	1.578956e-06	1.618540e-07	1.453460e-07
3.750000e+02	3.800000e+02	1.451954e-06	1.479660e-07	1.307910e-07
3.800000e+02	3.850000e+02	1.397734e-06	1.439880e-07	1.283220e-07
3.850000e+02	3.900000e+02	1.282321e-06	1.327750e-07	1.183790e-07
3.900000e+02	3.950000e+02	1.224538e-06	1.257860e-07	1.122140e-07
3.950000e+02	4.000000e+02	1.153463e-06	1.210400e-07	1.088450e-07
4.000000e+02	4.050000e+02	1.165796e-06	1.210410e-07	1.105030e-07
4.050000e+02	4.100000e+02	1.133418e-06	1.202080e-07	1.125900e-07
4.100000e+02	4.150000e+02	9.267958e-07	9.646840e-08	8.512420e-08
4.150000e+02	4.200000e+02	1.034588e-06	1.105712e-07	1.030190e-07
4.200000e+02	4.250000e+02	9.064871e-07	9.590660e-08	8.779430e-08
4.250000e+02	4.300000e+02	8.657847e-07	9.172930e-08	8.399860e-08
4.300000e+02	4.350000e+02	7.875982e-07	8.364000e-08	7.501690e-08
4.350000e+02	4.400000e+02	7.678772e-07	8.217870e-08	7.472390e-08
4.400000e+02	4.450000e+02	7.622811e-07	8.192390e-08	7.588900e-08
4.450000e+02	4.500000e+02	7.074163e-07	7.552930e-08	6.883950e-08
4.500000e+02	4.550000e+02	7.329803e-07	8.078220e-08	7.626420e-08
4.550000e+02	4.600000e+02	6.095092e-07	6.533980e-08	5.907880e-08
4.600000e+02	4.650000e+02	5.978048e-07	6.436850e-08	5.900920e-08
4.650000e+02	4.700000e+02	6.185138e-07	6.779470e-08	6.394210e-08
4.700000e+02	4.750000e+02	5.412933e-07	5.887970e-08	5.387110e-08
4.750000e+02	4.800000e+02	4.558923e-07	4.937590e-08	4.344010e-08
4.800000e+02	4.850000e+02	5.503404e-07	5.996570e-08	5.706240e-08
4.850000e+02	4.900000e+02	4.984648e-07	5.526230e-08	5.252120e-08
4.900000e+02	4.950000e+02	4.590604e-07	5.054580e-08	4.724620e-08
4.950000e+02	5.000000e+02	4.325552e-07	4.764040e-08	4.448370e-08
# END HISTO1D

# BEGIN HISTO1D //home/marek/work/aav-ew/results/yodas/envelopes-aaa/aaa_BVIRS_QCDxEW.yoda/MC_TRIPHOTON_NLOEW/pT_y1
ErrorBandColor=gray
ErrorBandOpacity=0.4
ErrorBandStyle=vlines*
ErrorBands=1
ErrorType=env
LineColor=black
LineStyle=solid
LineWidth=1.5pt
Name=NLO-QCDxEW
Path=//home/marek/work/aav-ew/results/yodas/envelopes-aaa/aaa_BVIRS_QCDxEW.yoda/MC_TRIPHOTON_NLOEW/pT_y1
Title=NLO QCD$\times$EW
# xlow	 xhigh	 val	 errminus	 errplus
0.000000e+00	5.000000e+00	0.000000e+00	0.000000e+00	0.000000e+00
5.000000e+00	1.000000e+01	0.000000e+00	0.000000e+00	0.000000e+00
1.000000e+01	1.500000e+01	0.000000e+00	0.000000e+00	0.000000e+00
1.500000e+01	2.000000e+01	0.000000e+00	0.000000e+00	0.000000e+00
2.000000e+01	2.500000e+01	0.000000e+00	0.000000e+00	0.000000e+00
2.500000e+01	3.000000e+01	0.000000e+00	0.000000e+00	0.000000e+00
3.000000e+01	3.500000e+01	0.000000e+00	0.000000e+00	0.000000e+00
3.500000e+01	4.000000e+01	0.000000e+00	0.000000e+00	0.000000e+00
4.000000e+01	4.500000e+01	1.004338e-04	8.636090e-06	7.121100e-06
4.500000e+01	5.000000e+01	1.283969e-04	1.082940e-05	8.550200e-06
5.000000e+01	5.500000e+01	1.463956e-04	1.212200e-05	9.095200e-06
5.500000e+01	6.000000e+01	1.578266e-04	1.277530e-05	8.895800e-06
6.000000e+01	6.500000e+01	1.614102e-04	1.259450e-05	7.432500e-06
6.500000e+01	7.000000e+01	1.603094e-04	1.226070e-05	6.687300e-06
7.000000e+01	7.500000e+01	1.551155e-04	1.176650e-05	6.521800e-06
7.500000e+01	8.000000e+01	1.461698e-04	1.102310e-05	6.317600e-06
8.000000e+01	8.500000e+01	1.352934e-04	1.015440e-05	6.017700e-06
8.500000e+01	9.000000e+01	1.239716e-04	9.247700e-06	5.674600e-06
9.000000e+01	9.500000e+01	1.119068e-04	8.295200e-06	5.176900e-06
9.500000e+01	1.000000e+02	1.009622e-04	7.446920e-06	4.745200e-06
1.000000e+02	1.050000e+02	9.303809e-05	6.856230e-06	4.564120e-06
1.050000e+02	1.100000e+02	8.256801e-05	6.034460e-06	4.027550e-06
1.100000e+02	1.150000e+02	7.425873e-05	5.403250e-06	3.647700e-06
1.150000e+02	1.200000e+02	6.698381e-05	4.847370e-06	3.332550e-06
1.200000e+02	1.250000e+02	6.059951e-05	4.366940e-06	3.042850e-06
1.250000e+02	1.300000e+02	5.454995e-05	3.908240e-06	2.745580e-06
1.300000e+02	1.350000e+02	4.950842e-05	3.536470e-06	2.515660e-06
1.350000e+02	1.400000e+02	4.439183e-05	3.181300e-06	2.235740e-06
1.400000e+02	1.450000e+02	4.066540e-05	2.955960e-06	2.073520e-06
1.450000e+02	1.500000e+02	3.687054e-05	2.715240e-06	1.935120e-06
1.500000e+02	1.550000e+02	3.309378e-05	2.465920e-06	1.776340e-06
1.550000e+02	1.600000e+02	3.033677e-05	2.289800e-06	1.674150e-06
1.600000e+02	1.650000e+02	2.779211e-05	2.122940e-06	1.577110e-06
1.650000e+02	1.700000e+02	2.530158e-05	1.956690e-06	1.466450e-06
1.700000e+02	1.750000e+02	2.295599e-05	1.800530e-06	1.355240e-06
1.750000e+02	1.800000e+02	2.098478e-05	1.665900e-06	1.261400e-06
1.800000e+02	1.850000e+02	1.970521e-05	1.574650e-06	1.219420e-06
1.850000e+02	1.900000e+02	1.796672e-05	1.456850e-06	1.132480e-06
1.900000e+02	1.950000e+02	1.612899e-05	1.321340e-06	1.021530e-06
1.950000e+02	2.000000e+02	1.512733e-05	1.243520e-06	9.737900e-07
2.000000e+02	2.050000e+02	1.389355e-05	1.156750e-06	9.105600e-07
2.050000e+02	2.100000e+02	1.285447e-05	1.079210e-06	8.551500e-07
2.100000e+02	2.150000e+02	1.206991e-05	1.019720e-06	8.210100e-07
2.150000e+02	2.200000e+02	1.090216e-05	9.314090e-07	7.456000e-07
2.200000e+02	2.250000e+02	1.031799e-05	8.877920e-07	7.207800e-07
2.250000e+02	2.300000e+02	9.228172e-06	7.957130e-07	6.360830e-07
2.300000e+02	2.350000e+02	9.008233e-06	7.887970e-07	6.500180e-07
2.350000e+02	2.400000e+02	8.149222e-06	7.165730e-07	5.877290e-07
2.400000e+02	2.450000e+02	7.560786e-06	6.704890e-07	5.502290e-07
2.450000e+02	2.500000e+02	7.165805e-06	6.412780e-07	5.304190e-07
2.500000e+02	2.550000e+02	6.345755e-06	5.648810e-07	4.580470e-07
2.550000e+02	2.600000e+02	6.120810e-06	5.520680e-07	4.568800e-07
2.600000e+02	2.650000e+02	5.810663e-06	5.290460e-07	4.442060e-07
2.650000e+02	2.700000e+02	5.328758e-06	4.869670e-07	4.073820e-07
2.700000e+02	2.750000e+02	4.950985e-06	4.531440e-07	3.767140e-07
2.750000e+02	2.800000e+02	4.697107e-06	4.314720e-07	3.622920e-07
2.800000e+02	2.850000e+02	4.205820e-06	3.894850e-07	3.233670e-07
2.850000e+02	2.900000e+02	4.174980e-06	3.903010e-07	3.308910e-07
2.900000e+02	2.950000e+02	3.773460e-06	3.539980e-07	2.973360e-07
2.950000e+02	3.000000e+02	3.542911e-06	3.322730e-07	2.799720e-07
3.000000e+02	3.050000e+02	3.301180e-06	3.119350e-07	2.633620e-07
3.050000e+02	3.100000e+02	3.364861e-06	3.224090e-07	2.819500e-07
3.100000e+02	3.150000e+02	2.860196e-06	2.714410e-07	2.279710e-07
3.150000e+02	3.200000e+02	2.766254e-06	2.647380e-07	2.267350e-07
3.200000e+02	3.250000e+02	2.526271e-06	2.396910e-07	2.013320e-07
3.250000e+02	3.300000e+02	2.570777e-06	2.509900e-07	2.212030e-07
3.300000e+02	3.350000e+02	2.274901e-06	2.193340e-07	1.878180e-07
3.350000e+02	3.400000e+02	2.212503e-06	2.166890e-07	1.889160e-07
3.400000e+02	3.450000e+02	2.093326e-06	2.056030e-07	1.803740e-07
3.450000e+02	3.500000e+02	1.980192e-06	1.966220e-07	1.740670e-07
3.500000e+02	3.550000e+02	1.802572e-06	1.775220e-07	1.555460e-07
3.550000e+02	3.600000e+02	1.787027e-06	1.780770e-07	1.590720e-07
3.600000e+02	3.650000e+02	1.686544e-06	1.686520e-07	1.507670e-07
3.650000e+02	3.700000e+02	1.558018e-06	1.561690e-07	1.397120e-07
3.700000e+02	3.750000e+02	1.505655e-06	1.517410e-07	1.364460e-07
3.750000e+02	3.800000e+02	1.387298e-06	1.390330e-07	1.230890e-07
3.800000e+02	3.850000e+02	1.331459e-06	1.348080e-07	1.203340e-07
3.850000e+02	3.900000e+02	1.223434e-06	1.244910e-07	1.111790e-07
3.900000e+02	3.950000e+02	1.168112e-06	1.179630e-07	1.054180e-07
3.950000e+02	4.000000e+02	1.093118e-06	1.125162e-07	1.013720e-07
4.000000e+02	4.050000e+02	1.105280e-06	1.127856e-07	1.031330e-07
4.050000e+02	4.100000e+02	1.073594e-06	1.119596e-07	1.050010e-07
4.100000e+02	4.150000e+02	8.814873e-07	8.999270e-08	7.960800e-08
4.150000e+02	4.200000e+02	9.795908e-07	1.029835e-07	9.608920e-08
4.200000e+02	4.250000e+02	8.608719e-07	8.950500e-08	8.208600e-08
4.250000e+02	4.300000e+02	8.175171e-07	8.500310e-08	7.800120e-08
4.300000e+02	4.350000e+02	7.447940e-07	7.757360e-08	6.975430e-08
4.350000e+02	4.400000e+02	7.243238e-07	7.604210e-08	6.930800e-08
4.400000e+02	4.450000e+02	7.191634e-07	7.591150e-08	7.046100e-08
4.450000e+02	4.500000e+02	6.656116e-07	6.970690e-08	6.369420e-08
4.500000e+02	4.550000e+02	6.898845e-07	7.473660e-08	7.067720e-08
4.550000e+02	4.600000e+02	5.771771e-07	6.074020e-08	5.506960e-08
4.600000e+02	4.650000e+02	5.620161e-07	5.932710e-08	5.453620e-08
4.650000e+02	4.700000e+02	5.791901e-07	6.232550e-08	5.890570e-08
4.700000e+02	4.750000e+02	5.075210e-07	5.410060e-08	4.964470e-08
4.750000e+02	4.800000e+02	4.320791e-07	4.584930e-08	4.049620e-08
4.800000e+02	4.850000e+02	5.152832e-07	5.517620e-08	5.261220e-08
4.850000e+02	4.900000e+02	4.670935e-07	5.083100e-08	4.841670e-08
4.900000e+02	4.950000e+02	4.304001e-07	4.649690e-08	4.357750e-08
4.950000e+02	5.000000e+02	4.030081e-07	4.346490e-08	4.070860e-08
# END HISTO1D

