# BEGIN PLOT
CustomLegend=LHC 13 TeV\\$\mu_{R/F}=m_{\gamma\gamma\gamma}$\\CT14 NLO
DrawOnly=B NLO-QCD NLO-EW NLO-QCD+EW NLO-QCDxEW
Legend=1
Legend1=1
Legend1Only=B NLO-QCD NLO-EW NLO-QCD+EW NLO-QCDxEW
Legend1XPos=0.05
Legend1YPos=0.3
LegendOnly=//home/marek/work/aav-ew/results/yodas/envelopes-aaa/aaa_B.yoda/MC_TRIPHOTON_NLOEW/pT_y2 //home/marek/work/aav-ew/results/yodas/envelopes-aaa/aaa_BVIRS_QCD.yoda/MC_TRIPHOTON_NLOEW/pT_y2 //home/marek/work/aav-ew/results/yodas/envelopes-aaa/aaa_BVIRS_EW.yoda/MC_TRIPHOTON_NLOEW/pT_y2 //home/marek/work/aav-ew/results/yodas/envelopes-aaa/aaa_BVIRS_QCD+EW.yoda/MC_TRIPHOTON_NLOEW/pT_y2 //home/marek/work/aav-ew/results/yodas/envelopes-aaa/aaa_BVIRS_QCDxEW.yoda/MC_TRIPHOTON_NLOEW/pT_y2
LegendXPos=0.5
LegendYPos=0.9
LogY=1
PlotSize=10,5
RatioPlot=0
RatioPlot1=1
RatioPlot1DrawOnly=B NLO-QCD NLO-EW NLO-QCD+EW NLO-QCDxEW
RatioPlot1Reference=B
RatioPlot1SameStyle=1
RatioPlot1YLabel=d$\sigma$/d$\sigma_\text{LO}$
RatioPlot1YMajorTickMarks=5
RatioPlot1YMax=3.4999
RatioPlot1YMin=0.5001
RatioPlot1YSize=5
RatioPlot2=1
RatioPlot2DrawOnly=B NLO-EW
RatioPlot2Reference=B
RatioPlot2SameStyle=1
RatioPlot2YLabel=d$\sigma$/d$\sigma_\text{LO}$
RatioPlot2YMajorTickMarks=10
RatioPlot2YMax=1.1999
RatioPlot2YMin=0.8001
RatioPlot2YSize=5
Title=\hspace*{77pt}$\text{pp} \to \gamma\gamma\gamma$\; @\; 13 TeV
XLabel=$p_{\mathrm{T},\gamma_2}$ [GeV]
XTwosidedTicks=1
YLabel=d$\sigma$/d$p_\mathrm{T}$ [pb/GeV]
YTwosidedTicks=1
# END PLOT


# BEGIN SPECIAL /MC_TRIPHOTON_NLOEW/pT_y2
Location=MainPlot
\rput[tr]{90}(1.008,1.){\textsc{Sherpa+GoSam}}
# END SPECIAL

# BEGIN HISTO1D //home/marek/work/aav-ew/results/yodas/envelopes-aaa/aaa_B.yoda/MC_TRIPHOTON_NLOEW/pT_y2
ErrorBandColor=blue
ErrorBandOpacity=0.2
ErrorBands=1
ErrorType=env
LineColor=blue!80!black
LineStyle=dotted
LineWidth=1.5pt
Name=B
Path=//home/marek/work/aav-ew/results/yodas/envelopes-aaa/aaa_B.yoda/MC_TRIPHOTON_NLOEW/pT_y2
Title=LO
# xlow	 xhigh	 val	 errminus	 errplus
0.000000e+00	5.000000e+00	0.000000e+00	0.000000e+00	0.000000e+00
5.000000e+00	1.000000e+01	0.000000e+00	0.000000e+00	0.000000e+00
1.000000e+01	1.500000e+01	0.000000e+00	0.000000e+00	0.000000e+00
1.500000e+01	2.000000e+01	0.000000e+00	0.000000e+00	0.000000e+00
2.000000e+01	2.500000e+01	0.000000e+00	0.000000e+00	0.000000e+00
2.500000e+01	3.000000e+01	0.000000e+00	0.000000e+00	0.000000e+00
3.000000e+01	3.500000e+01	4.437094e-05	5.187260e-06	4.582160e-06
3.500000e+01	4.000000e+01	9.834630e-05	1.068992e-05	9.358880e-06
4.000000e+01	4.500000e+01	1.121300e-04	1.120116e-05	9.707340e-06
4.500000e+01	5.000000e+01	1.035264e-04	9.427120e-06	8.080100e-06
5.000000e+01	5.500000e+01	9.128194e-05	7.604700e-06	6.449560e-06
5.500000e+01	6.000000e+01	7.899468e-05	6.037660e-06	5.068140e-06
6.000000e+01	6.500000e+01	6.796452e-05	4.777700e-06	3.969860e-06
6.500000e+01	7.000000e+01	5.843772e-05	3.782620e-06	3.110800e-06
7.000000e+01	7.500000e+01	5.031134e-05	3.001920e-06	2.442840e-06
7.500000e+01	8.000000e+01	4.345218e-05	2.389500e-06	1.923160e-06
8.000000e+01	8.500000e+01	3.766352e-05	1.909280e-06	1.519040e-06
8.500000e+01	9.000000e+01	3.279086e-05	1.530480e-06	1.202720e-06
9.000000e+01	9.500000e+01	2.867020e-05	1.230700e-06	9.543200e-07
9.500000e+01	1.000000e+02	2.515310e-05	9.916000e-07	7.578000e-07
1.000000e+02	1.050000e+02	2.216134e-05	8.005000e-07	6.019600e-07
1.050000e+02	1.100000e+02	1.959715e-05	6.464460e-07	4.773260e-07
1.100000e+02	1.150000e+02	1.739625e-05	5.225140e-07	3.779300e-07
1.150000e+02	1.200000e+02	1.548349e-05	4.216120e-07	2.977480e-07
1.200000e+02	1.250000e+02	1.382132e-05	3.393380e-07	2.329800e-07
1.250000e+02	1.300000e+02	1.238949e-05	2.722320e-07	1.806140e-07
1.300000e+02	1.350000e+02	1.112422e-05	2.172420e-07	1.382120e-07
1.350000e+02	1.400000e+02	1.001962e-05	1.721420e-07	1.038080e-07
1.400000e+02	1.450000e+02	9.051714e-06	1.350280e-07	7.582400e-08
1.450000e+02	1.500000e+02	8.194036e-06	1.043880e-07	5.303600e-08
1.500000e+02	1.550000e+02	7.425620e-06	7.916200e-08	3.459000e-08
1.550000e+02	1.600000e+02	6.750272e-06	5.826600e-08	1.952000e-08
1.600000e+02	1.650000e+02	6.155454e-06	4.103200e-08	7.284000e-09
1.650000e+02	1.700000e+02	5.621168e-06	2.688000e-08	0.000000e+00
1.700000e+02	1.750000e+02	5.136964e-06	1.505800e-08	0.000000e+00
1.750000e+02	1.800000e+02	4.701762e-06	1.671600e-08	0.000000e+00
1.800000e+02	1.850000e+02	4.316190e-06	2.181200e-08	2.364000e-09
1.850000e+02	1.900000e+02	3.963400e-06	2.570600e-08	8.764000e-09
1.900000e+02	1.950000e+02	3.643306e-06	2.868800e-08	1.394400e-08
1.950000e+02	2.000000e+02	3.360166e-06	3.119400e-08	1.838600e-08
2.000000e+02	2.050000e+02	3.102164e-06	3.284200e-08	2.169600e-08
2.050000e+02	2.100000e+02	2.863336e-06	3.391600e-08	2.424600e-08
2.100000e+02	2.150000e+02	2.654860e-06	3.474200e-08	2.634800e-08
2.150000e+02	2.200000e+02	2.456790e-06	3.516800e-08	2.792800e-08
2.200000e+02	2.250000e+02	2.278566e-06	3.542800e-08	2.920600e-08
2.250000e+02	2.300000e+02	2.114266e-06	3.524600e-08	2.989800e-08
2.300000e+02	2.350000e+02	1.962287e-06	3.488240e-08	3.030900e-08
2.350000e+02	2.400000e+02	1.824902e-06	3.445760e-08	3.057060e-08
2.400000e+02	2.450000e+02	1.703037e-06	3.400060e-08	3.071160e-08
2.450000e+02	2.500000e+02	1.587701e-06	3.334780e-08	3.058860e-08
2.500000e+02	2.550000e+02	1.481461e-06	3.268060e-08	3.039660e-08
2.550000e+02	2.600000e+02	1.380383e-06	3.179980e-08	2.992780e-08
2.600000e+02	2.650000e+02	1.295038e-06	3.118620e-08	2.968900e-08
2.650000e+02	2.700000e+02	1.208462e-06	3.026520e-08	2.908920e-08
2.700000e+02	2.750000e+02	1.129618e-06	2.932560e-08	2.842540e-08
2.750000e+02	2.800000e+02	1.058810e-06	2.850920e-08	2.786660e-08
2.800000e+02	2.850000e+02	9.902008e-07	2.752400e-08	2.709240e-08
2.850000e+02	2.900000e+02	9.332204e-07	2.678280e-08	2.654260e-08
2.900000e+02	2.950000e+02	8.738228e-07	2.581940e-08	2.574040e-08
2.950000e+02	3.000000e+02	8.200526e-07	2.492520e-08	2.499340e-08
3.000000e+02	3.050000e+02	7.721252e-07	2.413020e-08	2.433080e-08
3.050000e+02	3.100000e+02	7.258966e-07	2.328860e-08	2.359880e-08
3.100000e+02	3.150000e+02	6.826592e-07	2.244660e-08	2.284880e-08
3.150000e+02	3.200000e+02	6.424528e-07	2.163140e-08	2.211680e-08
3.200000e+02	3.250000e+02	6.063340e-07	2.093300e-08	2.150040e-08
3.250000e+02	3.300000e+02	5.726398e-07	2.020240e-08	2.082840e-08
3.300000e+02	3.350000e+02	5.410138e-07	1.950280e-08	2.018160e-08
3.350000e+02	3.400000e+02	5.068560e-07	1.864060e-08	1.935600e-08
3.400000e+02	3.450000e+02	4.798194e-07	1.801260e-08	1.876820e-08
3.450000e+02	3.500000e+02	4.552262e-07	1.737520e-08	1.815420e-08
3.500000e+02	3.550000e+02	4.291572e-07	1.669660e-08	1.749980e-08
3.550000e+02	3.600000e+02	4.059372e-07	1.610980e-08	1.693820e-08
3.600000e+02	3.650000e+02	3.833410e-07	1.544560e-08	1.627880e-08
3.650000e+02	3.700000e+02	3.627674e-07	1.484640e-08	1.568660e-08
3.700000e+02	3.750000e+02	3.441700e-07	1.432900e-08	1.518040e-08
3.750000e+02	3.800000e+02	3.268688e-07	1.384340e-08	1.470420e-08
3.800000e+02	3.850000e+02	3.081578e-07	1.322320e-08	1.407420e-08
3.850000e+02	3.900000e+02	2.931586e-07	1.281660e-08	1.367760e-08
3.900000e+02	3.950000e+02	2.759258e-07	1.220500e-08	1.304940e-08
3.950000e+02	4.000000e+02	2.639336e-07	1.184140e-08	1.268620e-08
4.000000e+02	4.050000e+02	2.496388e-07	1.135800e-08	1.219460e-08
4.050000e+02	4.100000e+02	2.365788e-07	1.088400e-08	1.170360e-08
4.100000e+02	4.150000e+02	2.242276e-07	1.045500e-08	1.126420e-08
4.150000e+02	4.200000e+02	2.145106e-07	1.013040e-08	1.093400e-08
4.200000e+02	4.250000e+02	2.031108e-07	9.710160e-09	1.049860e-08
4.250000e+02	4.300000e+02	1.927709e-07	9.324660e-09	1.009846e-08
4.300000e+02	4.350000e+02	1.832497e-07	8.953760e-09	9.710220e-09
4.350000e+02	4.400000e+02	1.746853e-07	8.638120e-09	9.384460e-09
4.400000e+02	4.450000e+02	1.658937e-07	8.291040e-09	9.020260e-09
4.450000e+02	4.500000e+02	1.589265e-07	8.026960e-09	8.745320e-09
4.500000e+02	4.550000e+02	1.510809e-07	7.707980e-09	8.409760e-09
4.550000e+02	4.600000e+02	1.453092e-07	7.504840e-09	8.201480e-09
4.600000e+02	4.650000e+02	1.373461e-07	7.153760e-09	7.827060e-09
4.650000e+02	4.700000e+02	1.303920e-07	6.876460e-09	7.536080e-09
4.700000e+02	4.750000e+02	1.252839e-07	6.667140e-09	7.315300e-09
4.750000e+02	4.800000e+02	1.193660e-07	6.403260e-09	7.033220e-09
4.800000e+02	4.850000e+02	1.132527e-07	6.142740e-09	6.757120e-09
4.850000e+02	4.900000e+02	1.082353e-07	5.919740e-09	6.519420e-09
4.900000e+02	4.950000e+02	1.035527e-07	5.712760e-09	6.298000e-09
4.950000e+02	5.000000e+02	9.849326e-08	5.471860e-09	6.037920e-09
# END HISTO1D

# BEGIN HISTO1D //home/marek/work/aav-ew/results/yodas/envelopes-aaa/aaa_BVIRS_QCD.yoda/MC_TRIPHOTON_NLOEW/pT_y2
ErrorBandColor={[rgb]{0.13,0.54,0.13}}
ErrorBandOpacity=0.4
ErrorBands=1
ErrorType=env
LineColor={[rgb]{0.13,0.54,0.13}}
LineStyle=solid
LineWidth=2pt
Name=NLO-QCD
Path=//home/marek/work/aav-ew/results/yodas/envelopes-aaa/aaa_BVIRS_QCD.yoda/MC_TRIPHOTON_NLOEW/pT_y2
Title=NLO QCD
# xlow	 xhigh	 val	 errminus	 errplus
0.000000e+00	5.000000e+00	0.000000e+00	0.000000e+00	0.000000e+00
5.000000e+00	1.000000e+01	0.000000e+00	0.000000e+00	0.000000e+00
1.000000e+01	1.500000e+01	0.000000e+00	0.000000e+00	0.000000e+00
1.500000e+01	2.000000e+01	0.000000e+00	0.000000e+00	0.000000e+00
2.000000e+01	2.500000e+01	0.000000e+00	0.000000e+00	0.000000e+00
2.500000e+01	3.000000e+01	0.000000e+00	0.000000e+00	0.000000e+00
3.000000e+01	3.500000e+01	1.358739e-04	1.138454e-05	9.107080e-06
3.500000e+01	4.000000e+01	2.922888e-04	2.410240e-05	1.895120e-05
4.000000e+01	4.500000e+01	3.217572e-04	2.606560e-05	2.001080e-05
4.500000e+01	5.000000e+01	2.837418e-04	2.243920e-05	1.668720e-05
5.000000e+01	5.500000e+01	2.394268e-04	1.850800e-05	1.332040e-05
5.500000e+01	6.000000e+01	2.003900e-04	1.517512e-05	1.064360e-05
6.000000e+01	6.500000e+01	1.654671e-04	1.228022e-05	8.296020e-06
6.500000e+01	7.000000e+01	1.379490e-04	1.007362e-05	6.605420e-06
7.000000e+01	7.500000e+01	1.152234e-04	8.281780e-06	5.253760e-06
7.500000e+01	8.000000e+01	9.658580e-05	6.846760e-06	4.188660e-06
8.000000e+01	8.500000e+01	8.150346e-05	5.708700e-06	3.370680e-06
8.500000e+01	9.000000e+01	6.955234e-05	4.847740e-06	2.761240e-06
9.000000e+01	9.500000e+01	5.949370e-05	4.167020e-06	2.324180e-06
9.500000e+01	1.000000e+02	5.053334e-05	3.602200e-06	1.998600e-06
1.000000e+02	1.050000e+02	4.403932e-05	3.164180e-06	1.750260e-06
1.050000e+02	1.100000e+02	3.828762e-05	2.757400e-06	1.507180e-06
1.100000e+02	1.150000e+02	3.307002e-05	2.411480e-06	1.296400e-06
1.150000e+02	1.200000e+02	2.922990e-05	2.137000e-06	1.145720e-06
1.200000e+02	1.250000e+02	2.505624e-05	1.849020e-06	9.498800e-07
1.250000e+02	1.300000e+02	2.224000e-05	1.635700e-06	8.259000e-07
1.300000e+02	1.350000e+02	2.000706e-05	1.492936e-06	7.745400e-07
1.350000e+02	1.400000e+02	1.769240e-05	1.318176e-06	6.650460e-07
1.400000e+02	1.450000e+02	1.568709e-05	1.174020e-06	5.816900e-07
1.450000e+02	1.500000e+02	1.416921e-05	1.059456e-06	5.217140e-07
1.500000e+02	1.550000e+02	1.257039e-05	9.481820e-07	4.582700e-07
1.550000e+02	1.600000e+02	1.126188e-05	8.453360e-07	3.954080e-07
1.600000e+02	1.650000e+02	1.014225e-05	7.702000e-07	3.593240e-07
1.650000e+02	1.700000e+02	8.885074e-06	6.678700e-07	2.855360e-07
1.700000e+02	1.750000e+02	8.756396e-06	6.714960e-07	3.362220e-07
1.750000e+02	1.800000e+02	7.455864e-06	5.617920e-07	2.444040e-07
1.800000e+02	1.850000e+02	6.820098e-06	5.210200e-07	2.337520e-07
1.850000e+02	1.900000e+02	6.245398e-06	4.740840e-07	2.092740e-07
1.900000e+02	1.950000e+02	5.746116e-06	4.382980e-07	1.929920e-07
1.950000e+02	2.000000e+02	5.303982e-06	4.065940e-07	1.827120e-07
2.000000e+02	2.050000e+02	4.643992e-06	3.518620e-07	1.410980e-07
2.050000e+02	2.100000e+02	4.368880e-06	3.324620e-07	1.391280e-07
2.100000e+02	2.150000e+02	4.037478e-06	3.069880e-07	1.280740e-07
2.150000e+02	2.200000e+02	3.794634e-06	2.917760e-07	1.294040e-07
2.200000e+02	2.250000e+02	3.360348e-06	2.573420e-07	1.044160e-07
2.250000e+02	2.300000e+02	3.229722e-06	2.465000e-07	1.075940e-07
2.300000e+02	2.350000e+02	2.922486e-06	2.245780e-07	9.336000e-08
2.350000e+02	2.400000e+02	2.618938e-06	1.989000e-07	7.454600e-08
2.400000e+02	2.450000e+02	2.475404e-06	1.866500e-07	7.143000e-08
2.450000e+02	2.500000e+02	2.285214e-06	1.740320e-07	6.836800e-08
2.500000e+02	2.550000e+02	2.042208e-06	1.544630e-07	5.274000e-08
2.550000e+02	2.600000e+02	2.110202e-06	1.622616e-07	7.148600e-08
2.600000e+02	2.650000e+02	1.815085e-06	1.385586e-07	5.147220e-08
2.650000e+02	2.700000e+02	1.677657e-06	1.255112e-07	4.397220e-08
2.700000e+02	2.750000e+02	1.575784e-06	1.186520e-07	4.037560e-08
2.750000e+02	2.800000e+02	1.529284e-06	1.187640e-07	4.911240e-08
2.800000e+02	2.850000e+02	1.387662e-06	1.059100e-07	3.822100e-08
2.850000e+02	2.900000e+02	1.166296e-06	8.370620e-08	2.189780e-08
2.900000e+02	2.950000e+02	1.212534e-06	9.185220e-08	3.350180e-08
2.950000e+02	3.000000e+02	1.145129e-06	8.783500e-08	3.172260e-08
3.000000e+02	3.050000e+02	1.117012e-06	8.673120e-08	3.691200e-08
3.050000e+02	3.100000e+02	9.715238e-07	7.327000e-08	2.460700e-08
3.100000e+02	3.150000e+02	9.168624e-07	6.847060e-08	2.432040e-08
3.150000e+02	3.200000e+02	9.215046e-07	7.188140e-08	3.024740e-08
3.200000e+02	3.250000e+02	7.496892e-07	5.354980e-08	1.341920e-08
3.250000e+02	3.300000e+02	8.000602e-07	6.118280e-08	2.530860e-08
3.300000e+02	3.350000e+02	6.823708e-07	4.877080e-08	1.231640e-08
3.350000e+02	3.400000e+02	6.729220e-07	5.049500e-08	1.624660e-08
3.400000e+02	3.450000e+02	6.783078e-07	5.214220e-08	2.051840e-08
3.450000e+02	3.500000e+02	5.982482e-07	4.504060e-08	1.517920e-08
3.500000e+02	3.550000e+02	5.819812e-07	4.494900e-08	1.663140e-08
3.550000e+02	3.600000e+02	5.362658e-07	4.047440e-08	1.370240e-08
3.600000e+02	3.650000e+02	5.250238e-07	3.985160e-08	1.503940e-08
3.650000e+02	3.700000e+02	4.254374e-07	3.026140e-08	8.110200e-09
3.700000e+02	3.750000e+02	4.589046e-07	3.500520e-08	1.229760e-08
3.750000e+02	3.800000e+02	4.667674e-07	3.616880e-08	1.572100e-08
3.800000e+02	3.850000e+02	3.474742e-07	2.402620e-08	5.624000e-09
3.850000e+02	3.900000e+02	4.332566e-07	3.559940e-08	1.776500e-08
3.900000e+02	3.950000e+02	3.551670e-07	2.632240e-08	7.604000e-09
3.950000e+02	4.000000e+02	3.225220e-07	2.311120e-08	6.512200e-09
4.000000e+02	4.050000e+02	3.588158e-07	2.859140e-08	1.254660e-08
4.050000e+02	4.100000e+02	2.783962e-07	1.944240e-08	4.560400e-09
4.100000e+02	4.150000e+02	3.004344e-07	2.354080e-08	8.805400e-09
4.150000e+02	4.200000e+02	2.551432e-07	1.821060e-08	4.095400e-09
4.200000e+02	4.250000e+02	2.415030e-07	1.735480e-08	4.799800e-09
4.250000e+02	4.300000e+02	2.616958e-07	2.077220e-08	7.935600e-09
4.300000e+02	4.350000e+02	2.286542e-07	1.612600e-08	3.572400e-09
4.350000e+02	4.400000e+02	2.303704e-07	1.770520e-08	6.080800e-09
4.400000e+02	4.450000e+02	2.126640e-07	1.633714e-08	5.139800e-09
4.450000e+02	4.500000e+02	1.989452e-07	1.502724e-08	4.683180e-09
4.500000e+02	4.550000e+02	2.013028e-07	1.535256e-08	5.583000e-09
4.550000e+02	4.600000e+02	1.714515e-07	1.201304e-08	3.096500e-09
4.600000e+02	4.650000e+02	1.812314e-07	1.387934e-08	4.878000e-09
4.650000e+02	4.700000e+02	1.677038e-07	1.262794e-08	3.654380e-09
4.700000e+02	4.750000e+02	1.568822e-07	1.161460e-08	3.325920e-09
4.750000e+02	4.800000e+02	1.300945e-07	8.956160e-09	2.056740e-09
4.800000e+02	4.850000e+02	1.319066e-07	9.042160e-09	1.870620e-09
4.850000e+02	4.900000e+02	1.645255e-07	1.401178e-08	7.579980e-09
4.900000e+02	4.950000e+02	1.266797e-07	9.626420e-09	2.350200e-09
4.950000e+02	5.000000e+02	1.341356e-07	1.069156e-08	4.246700e-09
# END HISTO1D

# BEGIN HISTO1D //home/marek/work/aav-ew/results/yodas/envelopes-aaa/aaa_BVIRS_EW.yoda/MC_TRIPHOTON_NLOEW/pT_y2
ErrorBandColor=orange
ErrorBandOpacity=0.4
ErrorBands=1
ErrorType=env
LineColor=orange!80!black
LineStyle=solid
LineWidth=1.5pt
Name=NLO-EW
Path=//home/marek/work/aav-ew/results/yodas/envelopes-aaa/aaa_BVIRS_EW.yoda/MC_TRIPHOTON_NLOEW/pT_y2
Title=NLO EW
# xlow	 xhigh	 val	 errminus	 errplus
0.000000e+00	5.000000e+00	0.000000e+00	0.000000e+00	0.000000e+00
5.000000e+00	1.000000e+01	0.000000e+00	0.000000e+00	0.000000e+00
1.000000e+01	1.500000e+01	0.000000e+00	0.000000e+00	0.000000e+00
1.500000e+01	2.000000e+01	0.000000e+00	0.000000e+00	0.000000e+00
2.000000e+01	2.500000e+01	0.000000e+00	0.000000e+00	0.000000e+00
2.500000e+01	3.000000e+01	0.000000e+00	0.000000e+00	0.000000e+00
3.000000e+01	3.500000e+01	4.487256e-05	5.245910e-06	4.633960e-06
3.500000e+01	4.000000e+01	9.956263e-05	1.082214e-05	9.474670e-06
4.000000e+01	4.500000e+01	1.136389e-04	1.135190e-05	9.837900e-06
4.500000e+01	5.000000e+01	1.050115e-04	9.562340e-06	8.196000e-06
5.000000e+01	5.500000e+01	9.268298e-05	7.721420e-06	6.548550e-06
5.500000e+01	6.000000e+01	8.028107e-05	6.135980e-06	5.150670e-06
6.000000e+01	6.500000e+01	6.910334e-05	4.857760e-06	4.036380e-06
6.500000e+01	7.000000e+01	5.941766e-05	3.846050e-06	3.162970e-06
7.000000e+01	7.500000e+01	5.109796e-05	3.048860e-06	2.481030e-06
7.500000e+01	8.000000e+01	4.404413e-05	2.422050e-06	1.949360e-06
8.000000e+01	8.500000e+01	3.808360e-05	1.930570e-06	1.535990e-06
8.500000e+01	9.000000e+01	3.306204e-05	1.543140e-06	1.212670e-06
9.000000e+01	9.500000e+01	2.882715e-05	1.237440e-06	9.595400e-07
9.500000e+01	1.000000e+02	2.522656e-05	9.945000e-07	7.600100e-07
1.000000e+02	1.050000e+02	2.217374e-05	8.009400e-07	6.023000e-07
1.050000e+02	1.100000e+02	1.956275e-05	6.453100e-07	4.764900e-07
1.100000e+02	1.150000e+02	1.732486e-05	5.203700e-07	3.763800e-07
1.150000e+02	1.200000e+02	1.538540e-05	4.189400e-07	2.958600e-07
1.200000e+02	1.250000e+02	1.370539e-05	3.364900e-07	2.310300e-07
1.250000e+02	1.300000e+02	1.226144e-05	2.694200e-07	1.787500e-07
1.300000e+02	1.350000e+02	1.098372e-05	2.145000e-07	1.364700e-07
1.350000e+02	1.400000e+02	9.871649e-06	1.695990e-07	1.022750e-07
1.400000e+02	1.450000e+02	8.905587e-06	1.328480e-07	7.460000e-08
1.450000e+02	1.500000e+02	8.043130e-06	1.024660e-07	5.205900e-08
1.500000e+02	1.550000e+02	7.276686e-06	7.757400e-08	3.389600e-08
1.550000e+02	1.600000e+02	6.600628e-06	5.697400e-08	1.908800e-08
1.600000e+02	1.650000e+02	6.007962e-06	4.004900e-08	7.110000e-09
1.650000e+02	1.700000e+02	5.477745e-06	2.619400e-08	0.000000e+00
1.700000e+02	1.750000e+02	4.999469e-06	1.465500e-08	0.000000e+00
1.750000e+02	1.800000e+02	4.564303e-06	1.622700e-08	0.000000e+00
1.800000e+02	1.850000e+02	4.184605e-06	2.114700e-08	2.292000e-09
1.850000e+02	1.900000e+02	3.834509e-06	2.487000e-08	8.479000e-09
1.900000e+02	1.950000e+02	3.520887e-06	2.772400e-08	1.347500e-08
1.950000e+02	2.000000e+02	3.238839e-06	3.006800e-08	1.772200e-08
2.000000e+02	2.050000e+02	2.987363e-06	3.162600e-08	2.089300e-08
2.050000e+02	2.100000e+02	2.751994e-06	3.259700e-08	2.330300e-08
2.100000e+02	2.150000e+02	2.548990e-06	3.335600e-08	2.529800e-08
2.150000e+02	2.200000e+02	2.354693e-06	3.370600e-08	2.676700e-08
2.200000e+02	2.250000e+02	2.179799e-06	3.389300e-08	2.794000e-08
2.250000e+02	2.300000e+02	2.019462e-06	3.366600e-08	2.855700e-08
2.300000e+02	2.350000e+02	1.870012e-06	3.324200e-08	2.888300e-08
2.350000e+02	2.400000e+02	1.737236e-06	3.280200e-08	2.910200e-08
2.400000e+02	2.450000e+02	1.621222e-06	3.236700e-08	2.923600e-08
2.450000e+02	2.500000e+02	1.509594e-06	3.170700e-08	2.908400e-08
2.500000e+02	2.550000e+02	1.403723e-06	3.096500e-08	2.880200e-08
2.550000e+02	2.600000e+02	1.306540e-06	3.009900e-08	2.832700e-08
2.600000e+02	2.650000e+02	1.224653e-06	2.949200e-08	2.807500e-08
2.650000e+02	2.700000e+02	1.138890e-06	2.852200e-08	2.741500e-08
2.700000e+02	2.750000e+02	1.064298e-06	2.763000e-08	2.678200e-08
2.750000e+02	2.800000e+02	9.966202e-07	2.683470e-08	2.622980e-08
2.800000e+02	2.850000e+02	9.300461e-07	2.585190e-08	2.544650e-08
2.850000e+02	2.900000e+02	8.760326e-07	2.514160e-08	2.491600e-08
2.900000e+02	2.950000e+02	8.193020e-07	2.420840e-08	2.413440e-08
2.950000e+02	3.000000e+02	7.678433e-07	2.333830e-08	2.340220e-08
3.000000e+02	3.050000e+02	7.221909e-07	2.256970e-08	2.275730e-08
3.050000e+02	3.100000e+02	6.772334e-07	2.172730e-08	2.201680e-08
3.100000e+02	3.150000e+02	6.340758e-07	2.084910e-08	2.122270e-08
3.150000e+02	3.200000e+02	5.967738e-07	2.009340e-08	2.054420e-08
3.200000e+02	3.250000e+02	5.636968e-07	1.946100e-08	1.998850e-08
3.250000e+02	3.300000e+02	5.305163e-07	1.871630e-08	1.929630e-08
3.300000e+02	3.350000e+02	5.013248e-07	1.807210e-08	1.870100e-08
3.350000e+02	3.400000e+02	4.698553e-07	1.727980e-08	1.794300e-08
3.400000e+02	3.450000e+02	4.431883e-07	1.663740e-08	1.733540e-08
3.450000e+02	3.500000e+02	4.200689e-07	1.603330e-08	1.675210e-08
3.500000e+02	3.550000e+02	3.975565e-07	1.546720e-08	1.621120e-08
3.550000e+02	3.600000e+02	3.731342e-07	1.480800e-08	1.556950e-08
3.600000e+02	3.650000e+02	3.509303e-07	1.413970e-08	1.490250e-08
3.650000e+02	3.700000e+02	3.317523e-07	1.357710e-08	1.434540e-08
3.700000e+02	3.750000e+02	3.163872e-07	1.317230e-08	1.395500e-08
3.750000e+02	3.800000e+02	2.999718e-07	1.270430e-08	1.349430e-08
3.800000e+02	3.850000e+02	2.805390e-07	1.203810e-08	1.281280e-08
3.850000e+02	3.900000e+02	2.677566e-07	1.170610e-08	1.249240e-08
3.900000e+02	3.950000e+02	2.516830e-07	1.113260e-08	1.190290e-08
3.950000e+02	4.000000e+02	2.407257e-07	1.080020e-08	1.157070e-08
4.000000e+02	4.050000e+02	2.268110e-07	1.031940e-08	1.107950e-08
4.050000e+02	4.100000e+02	2.142026e-07	9.854600e-09	1.059660e-08
4.100000e+02	4.150000e+02	2.033078e-07	9.479600e-09	1.021330e-08
4.150000e+02	4.200000e+02	1.954747e-07	9.231400e-09	9.963700e-09
4.200000e+02	4.250000e+02	1.846903e-07	8.829500e-09	9.546500e-09
4.250000e+02	4.300000e+02	1.732724e-07	8.381500e-09	9.077000e-09
4.300000e+02	4.350000e+02	1.657382e-07	8.098100e-09	8.782300e-09
4.350000e+02	4.400000e+02	1.577006e-07	7.798200e-09	8.472000e-09
4.400000e+02	4.450000e+02	1.493363e-07	7.463500e-09	8.120000e-09
4.450000e+02	4.500000e+02	1.440892e-07	7.277600e-09	7.928800e-09
4.500000e+02	4.550000e+02	1.367838e-07	6.978600e-09	7.613900e-09
4.550000e+02	4.600000e+02	1.308015e-07	6.755600e-09	7.382600e-09
4.600000e+02	4.650000e+02	1.236994e-07	6.443000e-09	7.049300e-09
4.650000e+02	4.700000e+02	1.164234e-07	6.139800e-09	6.728700e-09
4.700000e+02	4.750000e+02	1.117042e-07	5.944500e-09	6.522400e-09
4.750000e+02	4.800000e+02	1.078393e-07	5.784900e-09	6.354000e-09
4.800000e+02	4.850000e+02	1.007694e-07	5.465620e-09	6.012300e-09
4.850000e+02	4.900000e+02	9.817347e-08	5.369430e-09	5.913330e-09
4.900000e+02	4.950000e+02	9.229376e-08	5.091630e-09	5.613240e-09
4.950000e+02	5.000000e+02	8.847170e-08	4.915110e-09	5.423570e-09
# END HISTO1D

# BEGIN HISTO1D //home/marek/work/aav-ew/results/yodas/envelopes-aaa/aaa_BVIRS_QCD+EW.yoda/MC_TRIPHOTON_NLOEW/pT_y2
ErrorType=env
LineColor=red!90!black
LineStyle=solid
LineWidth=1.5pt
Name=NLO-QCD+EW
Path=//home/marek/work/aav-ew/results/yodas/envelopes-aaa/aaa_BVIRS_QCD+EW.yoda/MC_TRIPHOTON_NLOEW/pT_y2
Title=NLO QCD+EW
# xlow	 xhigh	 val	 errminus	 errplus
0.000000e+00	5.000000e+00	0.000000e+00	0.000000e+00	0.000000e+00
5.000000e+00	1.000000e+01	0.000000e+00	0.000000e+00	0.000000e+00
1.000000e+01	1.500000e+01	0.000000e+00	0.000000e+00	0.000000e+00
1.500000e+01	2.000000e+01	0.000000e+00	0.000000e+00	0.000000e+00
2.000000e+01	2.500000e+01	0.000000e+00	0.000000e+00	0.000000e+00
2.500000e+01	3.000000e+01	0.000000e+00	0.000000e+00	0.000000e+00
3.000000e+01	3.500000e+01	1.363755e-04	1.138450e-05	9.107100e-06
3.500000e+01	4.000000e+01	2.935052e-04	2.410240e-05	1.895100e-05
4.000000e+01	4.500000e+01	3.232661e-04	2.606570e-05	2.001080e-05
4.500000e+01	5.000000e+01	2.852270e-04	2.243930e-05	1.668710e-05
5.000000e+01	5.500000e+01	2.408278e-04	1.850790e-05	1.332050e-05
5.500000e+01	6.000000e+01	2.016765e-04	1.517520e-05	1.064350e-05
6.000000e+01	6.500000e+01	1.666060e-04	1.228030e-05	8.296000e-06
6.500000e+01	7.000000e+01	1.389289e-04	1.007360e-05	6.605400e-06
7.000000e+01	7.500000e+01	1.160101e-04	8.281800e-06	5.253700e-06
7.500000e+01	8.000000e+01	9.717775e-05	6.846760e-06	4.188650e-06
8.000000e+01	8.500000e+01	8.192354e-05	5.708700e-06	3.370680e-06
8.500000e+01	9.000000e+01	6.982352e-05	4.837790e-06	2.761240e-06
9.000000e+01	9.500000e+01	5.965065e-05	4.161800e-06	2.317440e-06
9.500000e+01	1.000000e+02	5.060680e-05	3.599990e-06	1.995700e-06
1.000000e+02	1.050000e+02	4.405172e-05	3.163830e-06	1.749820e-06
1.050000e+02	1.100000e+02	3.825321e-05	2.758220e-06	1.508330e-06
1.100000e+02	1.150000e+02	3.299863e-05	2.413030e-06	1.298540e-06
1.150000e+02	1.200000e+02	2.913180e-05	2.138880e-06	1.148410e-06
1.200000e+02	1.250000e+02	2.494031e-05	1.850960e-06	9.527300e-07
1.250000e+02	1.300000e+02	2.211195e-05	1.637570e-06	8.287200e-07
1.300000e+02	1.350000e+02	1.986655e-05	1.494670e-06	7.772800e-07
1.350000e+02	1.400000e+02	1.754443e-05	1.319710e-06	6.675900e-07
1.400000e+02	1.450000e+02	1.554096e-05	1.175240e-06	5.838700e-07
1.450000e+02	1.500000e+02	1.401831e-05	1.060440e-06	5.236300e-07
1.500000e+02	1.550000e+02	1.242146e-05	9.488800e-07	4.598600e-07
1.550000e+02	1.600000e+02	1.111223e-05	8.457600e-07	3.967000e-07
1.600000e+02	1.650000e+02	9.994760e-06	7.703740e-07	3.603100e-07
1.650000e+02	1.700000e+02	8.741651e-06	6.678050e-07	2.862220e-07
1.700000e+02	1.750000e+02	8.618901e-06	6.712140e-07	3.366250e-07
1.750000e+02	1.800000e+02	7.318405e-06	5.613030e-07	2.445680e-07
1.800000e+02	1.850000e+02	6.688513e-06	5.203550e-07	2.336800e-07
1.850000e+02	1.900000e+02	6.116507e-06	4.732480e-07	2.089890e-07
1.900000e+02	1.950000e+02	5.623697e-06	4.373340e-07	1.925230e-07
1.950000e+02	2.000000e+02	5.182655e-06	4.054680e-07	1.820480e-07
2.000000e+02	2.050000e+02	4.529191e-06	3.506460e-07	1.402950e-07
2.050000e+02	2.100000e+02	4.257538e-06	3.311420e-07	1.381850e-07
2.100000e+02	2.150000e+02	3.931607e-06	3.056000e-07	1.270260e-07
2.150000e+02	2.200000e+02	3.692538e-06	2.903160e-07	1.282420e-07
2.200000e+02	2.250000e+02	3.261581e-06	2.558070e-07	1.031500e-07
2.250000e+02	2.300000e+02	3.134917e-06	2.449180e-07	1.062530e-07
2.300000e+02	2.350000e+02	2.830211e-06	2.229360e-07	9.193400e-08
2.350000e+02	2.400000e+02	2.531272e-06	1.972450e-07	7.307800e-08
2.400000e+02	2.450000e+02	2.393589e-06	1.850160e-07	6.995500e-08
2.450000e+02	2.500000e+02	2.207107e-06	1.723910e-07	6.686400e-08
2.500000e+02	2.550000e+02	1.964471e-06	1.527480e-07	5.114500e-08
2.550000e+02	2.600000e+02	2.036360e-06	1.605610e-07	6.988400e-08
2.600000e+02	2.650000e+02	1.744700e-06	1.368640e-07	4.985900e-08
2.650000e+02	2.700000e+02	1.608085e-06	1.237680e-07	4.229800e-08
2.700000e+02	2.750000e+02	1.510463e-06	1.169560e-07	3.873300e-08
2.750000e+02	2.800000e+02	1.467095e-06	1.170900e-07	4.747500e-08
2.800000e+02	2.850000e+02	1.327507e-06	1.042380e-07	3.657500e-08
2.850000e+02	2.900000e+02	1.109108e-06	8.206500e-08	2.027200e-08
2.900000e+02	2.950000e+02	1.158013e-06	9.024100e-08	3.189600e-08
2.950000e+02	3.000000e+02	1.092920e-06	8.624800e-08	3.013100e-08
3.000000e+02	3.050000e+02	1.067078e-06	8.517120e-08	3.533800e-08
3.050000e+02	3.100000e+02	9.228606e-07	7.170880e-08	2.302500e-08
3.100000e+02	3.150000e+02	8.682790e-07	6.687310e-08	2.269430e-08
3.150000e+02	3.200000e+02	8.758256e-07	7.034340e-08	2.867480e-08
3.200000e+02	3.250000e+02	7.070521e-07	5.207790e-08	1.190720e-08
3.250000e+02	3.300000e+02	7.579367e-07	5.969670e-08	2.377650e-08
3.300000e+02	3.350000e+02	6.426818e-07	4.734020e-08	1.083580e-08
3.350000e+02	3.400000e+02	6.359214e-07	4.913430e-08	1.483340e-08
3.400000e+02	3.450000e+02	6.416767e-07	5.076690e-08	1.908560e-08
3.450000e+02	3.500000e+02	5.630910e-07	4.369890e-08	1.377700e-08
3.500000e+02	3.550000e+02	5.503805e-07	4.371950e-08	1.534290e-08
3.550000e+02	3.600000e+02	5.034628e-07	3.917250e-08	1.233370e-08
3.600000e+02	3.650000e+02	4.926132e-07	3.854580e-08	1.366290e-08
3.650000e+02	3.700000e+02	3.944222e-07	2.899200e-08	6.769100e-09
3.700000e+02	3.750000e+02	4.311218e-07	3.384850e-08	1.107220e-08
3.750000e+02	3.800000e+02	4.398704e-07	3.502980e-08	1.451120e-08
3.800000e+02	3.850000e+02	3.198554e-07	2.284110e-08	4.362600e-09
3.850000e+02	3.900000e+02	4.078547e-07	3.448910e-08	1.657980e-08
3.900000e+02	3.950000e+02	3.309241e-07	2.525000e-08	6.457600e-09
3.950000e+02	4.000000e+02	2.993141e-07	2.207000e-08	5.396800e-09
4.000000e+02	4.050000e+02	3.359880e-07	2.755280e-08	1.143150e-08
4.050000e+02	4.100000e+02	2.560200e-07	1.841290e-08	3.453400e-09
4.100000e+02	4.150000e+02	2.795147e-07	2.256550e-08	7.754400e-09
4.150000e+02	4.200000e+02	2.361072e-07	1.731160e-08	3.125200e-09
4.200000e+02	4.250000e+02	2.230825e-07	1.647420e-08	3.847700e-09
4.250000e+02	4.300000e+02	2.421973e-07	1.982910e-08	6.914200e-09
4.300000e+02	4.350000e+02	2.111427e-07	1.527030e-08	2.644600e-09
4.350000e+02	4.400000e+02	2.133856e-07	1.686520e-08	5.168300e-09
4.400000e+02	4.450000e+02	1.961066e-07	1.550960e-08	4.239400e-09
4.450000e+02	4.500000e+02	1.841079e-07	1.427790e-08	3.866700e-09
4.500000e+02	4.550000e+02	1.870056e-07	1.462310e-08	4.787300e-09
4.550000e+02	4.600000e+02	1.569437e-07	1.126380e-08	2.277700e-09
4.600000e+02	4.650000e+02	1.675847e-07	1.316860e-08	4.100300e-09
4.650000e+02	4.700000e+02	1.537353e-07	1.189130e-08	2.847000e-09
4.700000e+02	4.750000e+02	1.433025e-07	1.089200e-08	2.533000e-09
4.750000e+02	4.800000e+02	1.185678e-07	8.337800e-09	1.377500e-09
4.800000e+02	4.850000e+02	1.194233e-07	8.365000e-09	1.125900e-09
4.850000e+02	4.900000e+02	1.544637e-07	1.346150e-08	6.973900e-09
4.900000e+02	4.950000e+02	1.154208e-07	9.005300e-09	1.665400e-09
4.950000e+02	5.000000e+02	1.241141e-07	1.013490e-08	3.632300e-09
# END HISTO1D

# BEGIN HISTO1D //home/marek/work/aav-ew/results/yodas/envelopes-aaa/aaa_BVIRS_QCDxEW.yoda/MC_TRIPHOTON_NLOEW/pT_y2
ErrorBandColor=gray
ErrorBandOpacity=0.4
ErrorBandStyle=vlines*
ErrorBands=1
ErrorType=env
LineColor=black
LineStyle=solid
LineWidth=1.5pt
Name=NLO-QCDxEW
Path=//home/marek/work/aav-ew/results/yodas/envelopes-aaa/aaa_BVIRS_QCDxEW.yoda/MC_TRIPHOTON_NLOEW/pT_y2
Title=NLO QCD$\times$EW
# xlow	 xhigh	 val	 errminus	 errplus
0.000000e+00	5.000000e+00	0.000000e+00	0.000000e+00	0.000000e+00
5.000000e+00	1.000000e+01	0.000000e+00	0.000000e+00	0.000000e+00
1.000000e+01	1.500000e+01	0.000000e+00	0.000000e+00	0.000000e+00
1.500000e+01	2.000000e+01	0.000000e+00	0.000000e+00	0.000000e+00
2.000000e+01	2.500000e+01	0.000000e+00	0.000000e+00	0.000000e+00
2.500000e+01	3.000000e+01	0.000000e+00	0.000000e+00	0.000000e+00
3.000000e+01	3.500000e+01	1.374099e-04	1.151320e-05	9.210100e-06
3.500000e+01	4.000000e+01	2.959038e-04	2.440050e-05	1.918550e-05
4.000000e+01	4.500000e+01	3.260867e-04	2.641630e-05	2.028010e-05
4.500000e+01	5.000000e+01	2.878123e-04	2.276110e-05	1.692660e-05
5.000000e+01	5.500000e+01	2.431016e-04	1.879200e-05	1.352490e-05
5.500000e+01	6.000000e+01	2.036533e-04	1.542230e-05	1.081690e-05
6.000000e+01	6.500000e+01	1.682397e-04	1.248600e-05	8.435000e-06
6.500000e+01	7.000000e+01	1.402622e-04	1.024250e-05	6.716200e-06
7.000000e+01	7.500000e+01	1.170250e-04	8.411300e-06	5.335900e-06
7.500000e+01	8.000000e+01	9.790160e-05	6.940030e-06	4.245700e-06
8.000000e+01	8.500000e+01	8.241252e-05	5.772380e-06	3.408270e-06
8.500000e+01	9.000000e+01	7.012754e-05	4.887830e-06	2.784070e-06
9.000000e+01	9.500000e+01	5.981938e-05	4.189830e-06	2.336910e-06
9.500000e+01	1.000000e+02	5.068092e-05	3.612720e-06	2.004440e-06
1.000000e+02	1.050000e+02	4.406397e-05	3.165950e-06	1.751240e-06
1.050000e+02	1.100000e+02	3.822041e-05	2.752560e-06	1.504540e-06
1.100000e+02	1.150000e+02	3.293431e-05	2.401580e-06	1.291080e-06
1.150000e+02	1.200000e+02	2.904472e-05	2.123460e-06	1.138460e-06
1.200000e+02	1.250000e+02	2.484607e-05	1.833510e-06	9.419100e-07
1.250000e+02	1.300000e+02	2.201015e-05	1.618800e-06	8.173600e-07
1.300000e+02	1.350000e+02	1.975436e-05	1.474080e-06	7.647600e-07
1.350000e+02	1.400000e+02	1.743112e-05	1.298710e-06	6.552200e-07
1.400000e+02	1.450000e+02	1.543384e-05	1.155070e-06	5.723000e-07
1.450000e+02	1.500000e+02	1.390826e-05	1.039940e-06	5.121100e-07
1.500000e+02	1.550000e+02	1.231827e-05	9.291600e-07	4.490800e-07
1.550000e+02	1.600000e+02	1.101222e-05	8.266000e-07	3.866400e-07
1.600000e+02	1.650000e+02	9.899232e-06	7.517450e-07	3.507180e-07
1.650000e+02	1.700000e+02	8.658373e-06	6.508300e-07	2.782500e-07
1.700000e+02	1.750000e+02	8.522024e-06	6.535230e-07	3.272230e-07
1.750000e+02	1.800000e+02	7.237887e-06	5.453670e-07	2.372590e-07
1.800000e+02	1.850000e+02	6.612178e-06	5.051360e-07	2.266260e-07
1.850000e+02	1.900000e+02	6.042296e-06	4.586670e-07	2.024690e-07
1.900000e+02	1.950000e+02	5.553040e-06	4.235710e-07	1.865070e-07
1.950000e+02	2.000000e+02	5.112469e-06	3.919130e-07	1.761140e-07
2.000000e+02	2.050000e+02	4.472133e-06	3.388400e-07	1.358770e-07
2.050000e+02	2.100000e+02	4.198994e-06	3.195340e-07	1.337180e-07
2.100000e+02	2.150000e+02	3.876473e-06	2.947460e-07	1.229660e-07
2.150000e+02	2.200000e+02	3.636940e-06	2.796500e-07	1.240270e-07
2.200000e+02	2.250000e+02	3.214689e-06	2.461870e-07	9.989000e-08
2.250000e+02	2.300000e+02	3.084900e-06	2.354470e-07	1.027700e-07
2.300000e+02	2.350000e+02	2.785059e-06	2.140180e-07	8.896900e-08
2.350000e+02	2.400000e+02	2.493129e-06	1.893460e-07	7.096500e-08
2.400000e+02	2.450000e+02	2.356484e-06	1.776830e-07	6.799800e-08
2.450000e+02	2.500000e+02	2.172793e-06	1.654710e-07	6.500400e-08
2.500000e+02	2.550000e+02	1.935046e-06	1.463580e-07	4.997300e-08
2.550000e+02	2.600000e+02	1.997318e-06	1.535810e-07	6.766200e-08
2.600000e+02	2.650000e+02	1.716436e-06	1.310280e-07	4.867400e-08
2.650000e+02	2.700000e+02	1.581074e-06	1.182850e-07	4.144100e-08
2.700000e+02	2.750000e+02	1.484664e-06	1.117910e-07	3.804100e-08
2.750000e+02	2.800000e+02	1.439461e-06	1.117880e-07	4.622800e-08
2.800000e+02	2.850000e+02	1.303362e-06	9.947600e-08	3.589900e-08
2.850000e+02	2.900000e+02	1.094825e-06	7.857600e-08	2.055600e-08
2.900000e+02	2.950000e+02	1.136880e-06	8.612100e-08	3.141200e-08
2.950000e+02	3.000000e+02	1.072223e-06	8.224250e-08	2.970300e-08
3.000000e+02	3.050000e+02	1.044773e-06	8.112190e-08	3.452500e-08
3.050000e+02	3.100000e+02	9.063941e-07	6.835810e-08	2.295740e-08
3.100000e+02	3.150000e+02	8.516113e-07	6.359770e-08	2.258950e-08
3.150000e+02	3.200000e+02	8.559847e-07	6.677060e-08	2.809680e-08
3.200000e+02	3.250000e+02	6.969713e-07	4.978420e-08	1.247560e-08
3.250000e+02	3.300000e+02	7.412077e-07	5.668220e-08	2.344690e-08
3.300000e+02	3.350000e+02	6.323118e-07	4.519300e-08	1.141280e-08
3.350000e+02	3.400000e+02	6.237984e-07	4.680880e-08	1.506060e-08
3.400000e+02	3.450000e+02	6.265235e-07	4.816150e-08	1.895190e-08
3.450000e+02	3.500000e+02	5.520453e-07	4.156210e-08	1.400690e-08
3.500000e+02	3.550000e+02	5.391274e-07	4.163930e-08	1.540670e-08
3.550000e+02	3.600000e+02	4.929312e-07	3.720370e-08	1.259520e-08
3.600000e+02	3.650000e+02	4.806342e-07	3.648230e-08	1.376780e-08
3.650000e+02	3.700000e+02	3.890643e-07	2.767420e-08	7.416800e-09
3.700000e+02	3.750000e+02	4.218599e-07	3.217940e-08	1.130490e-08
3.750000e+02	3.800000e+02	4.283586e-07	3.319260e-08	1.442740e-08
3.800000e+02	3.850000e+02	3.163316e-07	2.187280e-08	5.119900e-09
3.850000e+02	3.900000e+02	3.957151e-07	3.251470e-08	1.622570e-08
3.900000e+02	3.950000e+02	3.239621e-07	2.400970e-08	6.935900e-09
3.950000e+02	4.000000e+02	2.941624e-07	2.107900e-08	5.939500e-09
4.000000e+02	4.050000e+02	3.260045e-07	2.597690e-08	1.139930e-08
4.050000e+02	4.100000e+02	2.520648e-07	1.760350e-08	4.129100e-09
4.100000e+02	4.150000e+02	2.724047e-07	2.134450e-08	7.983900e-09
4.150000e+02	4.200000e+02	2.325015e-07	1.659460e-08	3.732000e-09
4.200000e+02	4.250000e+02	2.196007e-07	1.578090e-08	4.364500e-09
4.250000e+02	4.300000e+02	2.352256e-07	1.867110e-08	7.132900e-09
4.300000e+02	4.350000e+02	2.068039e-07	1.458500e-08	3.231000e-09
4.350000e+02	4.400000e+02	2.079714e-07	1.598370e-08	5.489600e-09
4.400000e+02	4.450000e+02	1.914386e-07	1.470660e-08	4.626800e-09
4.450000e+02	4.500000e+02	1.803717e-07	1.362430e-08	4.246000e-09
4.500000e+02	4.550000e+02	1.822530e-07	1.389970e-08	5.054700e-09
4.550000e+02	4.600000e+02	1.543337e-07	1.081370e-08	2.787300e-09
4.600000e+02	4.650000e+02	1.632242e-07	1.250020e-08	4.393400e-09
4.650000e+02	4.700000e+02	1.497381e-07	1.127510e-08	3.262900e-09
4.700000e+02	4.750000e+02	1.398775e-07	1.035570e-08	2.965400e-09
4.750000e+02	4.800000e+02	1.175318e-07	8.091300e-09	1.858100e-09
4.800000e+02	4.850000e+02	1.173672e-07	8.045400e-09	1.664500e-09
4.850000e+02	4.900000e+02	1.492308e-07	1.270920e-08	6.875300e-09
4.900000e+02	4.950000e+02	1.129063e-07	8.579800e-09	2.094600e-09
4.950000e+02	5.000000e+02	1.204875e-07	9.603700e-09	3.814600e-09
# END HISTO1D

