# BEGIN PLOT
CustomLegend=LHC 13 TeV\\$\mu_{R/F}=\tfrac{1}{2}\,H_\mathrm{T}'$\\CT14 NLO
DrawOnly=B NLO-QCD NLO-EW NLO-QCD+EW NLO-QCDxEW
Legend=1
Legend1=1
Legend1Only=B NLO-QCD NLO-EW NLO-QCD+EW NLO-QCDxEW
Legend1XPos=0.05
Legend1YPos=0.3
LegendOnly=//home/marek/work/aav-ew/results/yodas/envelopes-aaz/aaz_B.yoda/MC_AAZ_NLOEW/pT_y1 //home/marek/work/aav-ew/results/yodas/envelopes-aaz/aaz_BVIRS_QCD.yoda/MC_AAZ_NLOEW/pT_y1 //home/marek/work/aav-ew/results/yodas/envelopes-aaz/aaz_BVIRS_EW.yoda/MC_AAZ_NLOEW/pT_y1 //home/marek/work/aav-ew/results/yodas/envelopes-aaz/aaz_BVIRS_QCD+EW.yoda/MC_AAZ_NLOEW/pT_y1 //home/marek/work/aav-ew/results/yodas/envelopes-aaz/aaz_BVIRS_QCDxEW.yoda/MC_AAZ_NLOEW/pT_y1
LegendXPos=0.5
LegendYPos=0.9
LogY=1
PlotSize=10,5
RatioPlot=0
RatioPlot1=1
RatioPlot1DrawOnly=B NLO-QCD NLO-EW NLO-QCD+EW NLO-QCDxEW
RatioPlot1Reference=B
RatioPlot1SameStyle=1
RatioPlot1YLabel=d$\sigma$/d$\sigma_\text{LO}$
RatioPlot1YMajorTickMarks=5
RatioPlot1YMax=1.9999
RatioPlot1YMin=0.5001
RatioPlot1YSize=5
RatioPlot2=1
RatioPlot2DrawOnly=B NLO-EW
RatioPlot2Reference=B
RatioPlot2SameStyle=1
RatioPlot2YLabel=d$\sigma$/d$\sigma_\text{LO}$
RatioPlot2YMajorTickMarks=10
RatioPlot2YMax=1.1999
RatioPlot2YMin=0.8001
RatioPlot2YSize=5
Title=\hspace*{85pt}$\text{pp} \to \gamma\gamma\; e^+e^-$\; @\; 13 TeV
XLabel=$p_{\mathrm{T},\gamma_1}$ [GeV]
XTwosidedTicks=1
YLabel=d$\sigma$/d$p_\mathrm{T}$ [pb/GeV]
YTwosidedTicks=1
# END PLOT


# BEGIN SPECIAL /MC_AAZ_NLOEW/pT_y1
Location=MainPlot
\rput[tr]{90}(1.008,1.){\textsc{Sherpa+GoSam}}
# END SPECIAL

# BEGIN HISTO1D //home/marek/work/aav-ew/results/yodas/envelopes-aaz/aaz_B.yoda/MC_AAZ_NLOEW/pT_y1
ErrorBandColor=blue
ErrorBandOpacity=0.2
ErrorBands=1
ErrorType=env
LineColor=blue!80!black
LineStyle=dotted
LineWidth=1.5pt
Name=B
Path=//home/marek/work/aav-ew/results/yodas/envelopes-aaz/aaz_B.yoda/MC_AAZ_NLOEW/pT_y1
Title=LO
# xlow	 xhigh	 val	 errminus	 errplus
0.000000e+00	5.000000e+00	0.000000e+00	0.000000e+00	0.000000e+00
5.000000e+00	1.000000e+01	0.000000e+00	0.000000e+00	0.000000e+00
1.000000e+01	1.500000e+01	0.000000e+00	0.000000e+00	0.000000e+00
1.500000e+01	2.000000e+01	1.249222e-04	1.724880e-05	1.573452e-05
2.000000e+01	2.500000e+01	1.459321e-04	1.796742e-05	1.612176e-05
2.500000e+01	3.000000e+01	1.135008e-04	1.277312e-05	1.133048e-05
3.000000e+01	3.500000e+01	8.305980e-05	8.550300e-06	7.502520e-06
3.500000e+01	4.000000e+01	6.229024e-05	5.900760e-06	5.125860e-06
4.000000e+01	4.500000e+01	4.815876e-05	4.231060e-06	3.642380e-06
4.500000e+01	5.000000e+01	3.809246e-05	3.123060e-06	2.666320e-06
5.000000e+01	5.500000e+01	3.057340e-05	2.343700e-06	1.984780e-06
5.500000e+01	6.000000e+01	2.499790e-05	1.795040e-06	1.508080e-06
6.000000e+01	6.500000e+01	2.078814e-05	1.401356e-06	1.168120e-06
6.500000e+01	7.000000e+01	1.752806e-05	1.110248e-06	9.182120e-07
7.000000e+01	7.500000e+01	1.494949e-05	8.923280e-07	7.322460e-07
7.500000e+01	8.000000e+01	1.283019e-05	7.206080e-07	5.865200e-07
8.000000e+01	8.500000e+01	1.112658e-05	5.879300e-07	4.744700e-07
8.500000e+01	9.000000e+01	9.678846e-06	4.803360e-07	3.841600e-07
9.000000e+01	9.500000e+01	8.463648e-06	3.941000e-07	3.121880e-07
9.500000e+01	1.000000e+02	7.455264e-06	3.251360e-07	2.549020e-07
1.000000e+02	1.050000e+02	6.573652e-06	2.680400e-07	2.078160e-07
1.050000e+02	1.100000e+02	5.814250e-06	2.205100e-07	1.688060e-07
1.100000e+02	1.150000e+02	5.173756e-06	1.823760e-07	1.377160e-07
1.150000e+02	1.200000e+02	4.583886e-06	1.501800e-07	1.117480e-07
1.200000e+02	1.250000e+02	4.095450e-06	1.240600e-07	9.076400e-08
1.250000e+02	1.300000e+02	3.660926e-06	1.020920e-07	7.325600e-08
1.300000e+02	1.350000e+02	3.285146e-06	8.372600e-08	5.870000e-08
1.350000e+02	1.400000e+02	2.942238e-06	6.799200e-08	4.635600e-08
1.400000e+02	1.450000e+02	2.654654e-06	5.566800e-08	3.679800e-08
1.450000e+02	1.500000e+02	2.397430e-06	4.530400e-08	2.882800e-08
1.500000e+02	1.550000e+02	2.165600e-06	3.634600e-08	2.200000e-08
1.550000e+02	1.600000e+02	1.963745e-06	2.866680e-08	1.618560e-08
1.600000e+02	1.650000e+02	1.771865e-06	2.251080e-08	1.165320e-08
1.650000e+02	1.700000e+02	1.618873e-06	1.733560e-08	7.816000e-09
1.700000e+02	1.750000e+02	1.468016e-06	1.271760e-08	4.472000e-09
1.750000e+02	1.800000e+02	1.340031e-06	9.428000e-09	2.171000e-09
1.800000e+02	1.850000e+02	1.217520e-06	6.307200e-09	6.800000e-12
1.850000e+02	1.900000e+02	1.112500e-06	3.969800e-09	0.000000e+00
1.900000e+02	1.950000e+02	1.017544e-06	2.978400e-09	0.000000e+00
1.950000e+02	2.000000e+02	9.306996e-07	4.027600e-09	0.000000e+00
2.000000e+02	2.050000e+02	8.549556e-07	4.942200e-09	1.280600e-09
2.050000e+02	2.100000e+02	7.864028e-07	5.660800e-09	2.473200e-09
2.100000e+02	2.150000e+02	7.216014e-07	6.187800e-09	3.424400e-09
2.150000e+02	2.200000e+02	6.572108e-07	6.433400e-09	4.045000e-09
2.200000e+02	2.250000e+02	6.119714e-07	6.809800e-09	4.723400e-09
2.250000e+02	2.300000e+02	5.632150e-07	6.895600e-09	5.083000e-09
2.300000e+02	2.350000e+02	5.142674e-07	6.953800e-09	5.408200e-09
2.350000e+02	2.400000e+02	4.778766e-07	7.021600e-09	5.684200e-09
2.400000e+02	2.450000e+02	4.377992e-07	6.988000e-09	5.862000e-09
2.450000e+02	2.500000e+02	4.068000e-07	7.032600e-09	6.080600e-09
2.500000e+02	2.550000e+02	3.758476e-07	6.810600e-09	5.983800e-09
2.550000e+02	2.600000e+02	3.478948e-07	6.755200e-09	6.074600e-09
2.600000e+02	2.650000e+02	3.247574e-07	6.644400e-09	6.069200e-09
2.650000e+02	2.700000e+02	3.032056e-07	6.543000e-09	6.072000e-09
2.700000e+02	2.750000e+02	2.809142e-07	6.334000e-09	5.945600e-09
2.750000e+02	2.800000e+02	2.602492e-07	6.123600e-09	5.811400e-09
2.800000e+02	2.850000e+02	2.414652e-07	5.912600e-09	5.666200e-09
2.850000e+02	2.900000e+02	2.254594e-07	5.748400e-09	5.562400e-09
2.900000e+02	2.950000e+02	2.109474e-07	5.592800e-09	5.459600e-09
2.950000e+02	3.000000e+02	1.973793e-07	5.379920e-09	5.284140e-09
3.000000e+02	3.050000e+02	1.833374e-07	5.180460e-09	5.125160e-09
3.050000e+02	3.100000e+02	1.717767e-07	4.988080e-09	4.964620e-09
3.100000e+02	3.150000e+02	1.605582e-07	4.817220e-09	4.826380e-09
3.150000e+02	3.200000e+02	1.507346e-07	4.667940e-09	4.705760e-09
3.200000e+02	3.250000e+02	1.416429e-07	4.508400e-09	4.567380e-09
3.250000e+02	3.300000e+02	1.318821e-07	4.302980e-09	4.379140e-09
3.300000e+02	3.350000e+02	1.242683e-07	4.182880e-09	4.281860e-09
3.350000e+02	3.400000e+02	1.176259e-07	4.014320e-09	4.119600e-09
3.400000e+02	3.450000e+02	1.089914e-07	3.807700e-09	3.923480e-09
3.450000e+02	3.500000e+02	1.035492e-07	3.698440e-09	3.825920e-09
3.500000e+02	3.550000e+02	9.863442e-08	3.600840e-09	3.737460e-09
3.550000e+02	3.600000e+02	9.254778e-08	3.428980e-09	3.567820e-09
3.600000e+02	3.650000e+02	8.627354e-08	3.269780e-09	3.415440e-09
3.650000e+02	3.700000e+02	8.184408e-08	3.170480e-09	3.323340e-09
3.700000e+02	3.750000e+02	7.785460e-08	3.066280e-09	3.222360e-09
3.750000e+02	3.800000e+02	7.288904e-08	2.909640e-09	3.064680e-09
3.800000e+02	3.850000e+02	6.923620e-08	2.834520e-09	2.996400e-09
3.850000e+02	3.900000e+02	6.517614e-08	2.699140e-09	2.859180e-09
3.900000e+02	3.950000e+02	6.142748e-08	2.583140e-09	2.742400e-09
3.950000e+02	4.000000e+02	5.845022e-08	2.505660e-09	2.667620e-09
4.000000e+02	4.050000e+02	5.568896e-08	2.430060e-09	2.594180e-09
4.050000e+02	4.100000e+02	5.259874e-08	2.310280e-09	2.468680e-09
4.100000e+02	4.150000e+02	4.925680e-08	2.200880e-09	2.358360e-09
4.150000e+02	4.200000e+02	4.612476e-08	2.077400e-09	2.227980e-09
4.200000e+02	4.250000e+02	4.536396e-08	2.083940e-09	2.241220e-09
4.250000e+02	4.300000e+02	4.210496e-08	1.949820e-09	2.099580e-09
4.300000e+02	4.350000e+02	3.961548e-08	1.868500e-09	2.016980e-09
4.350000e+02	4.400000e+02	3.750436e-08	1.795500e-09	1.942100e-09
4.400000e+02	4.450000e+02	3.627132e-08	1.754780e-09	1.901120e-09
4.450000e+02	4.500000e+02	3.391228e-08	1.649500e-09	1.788700e-09
4.500000e+02	4.550000e+02	3.221384e-08	1.579660e-09	1.714780e-09
4.550000e+02	4.600000e+02	3.104624e-08	1.540800e-09	1.675280e-09
4.600000e+02	4.650000e+02	2.978510e-08	1.500520e-09	1.634500e-09
4.650000e+02	4.700000e+02	2.831062e-08	1.439460e-09	1.570160e-09
4.700000e+02	4.750000e+02	2.658810e-08	1.370200e-09	1.497380e-09
4.750000e+02	4.800000e+02	2.640546e-08	1.378280e-09	1.508640e-09
4.800000e+02	4.850000e+02	2.412840e-08	1.266500e-09	1.387320e-09
4.850000e+02	4.900000e+02	2.271542e-08	1.204480e-09	1.321380e-09
4.900000e+02	4.950000e+02	2.210076e-08	1.183860e-09	1.300540e-09
4.950000e+02	5.000000e+02	2.137218e-08	1.155580e-09	1.270620e-09
# END HISTO1D

# BEGIN HISTO1D //home/marek/work/aav-ew/results/yodas/envelopes-aaz/aaz_BVIRS_QCD.yoda/MC_AAZ_NLOEW/pT_y1
ErrorBandColor={[rgb]{0.13,0.54,0.13}}
ErrorBandOpacity=0.4
ErrorBands=1
ErrorType=env
LineColor={[rgb]{0.13,0.54,0.13}}
LineStyle=solid
LineWidth=2pt
Name=NLO-QCD
Path=//home/marek/work/aav-ew/results/yodas/envelopes-aaz/aaz_BVIRS_QCD.yoda/MC_AAZ_NLOEW/pT_y1
Title=NLO QCD
# xlow	 xhigh	 val	 errminus	 errplus
0.000000e+00	5.000000e+00	0.000000e+00	0.000000e+00	0.000000e+00
5.000000e+00	1.000000e+01	0.000000e+00	0.000000e+00	0.000000e+00
1.000000e+01	1.500000e+01	0.000000e+00	0.000000e+00	0.000000e+00
1.500000e+01	2.000000e+01	1.554151e-04	1.512210e-05	3.773020e-06
2.000000e+01	2.500000e+01	1.831481e-04	1.711860e-05	4.115200e-06
2.500000e+01	3.000000e+01	1.421762e-04	1.282192e-05	2.910280e-06
3.000000e+01	3.500000e+01	1.016564e-04	1.009408e-05	2.538040e-06
3.500000e+01	4.000000e+01	7.954478e-05	6.867680e-06	1.297100e-06
4.000000e+01	4.500000e+01	6.169140e-05	5.274620e-06	8.873800e-07
4.500000e+01	5.000000e+01	4.949126e-05	4.175780e-06	7.221600e-07
5.000000e+01	5.500000e+01	3.958328e-05	3.281940e-06	5.297200e-07
5.500000e+01	6.000000e+01	3.230962e-05	2.647860e-06	4.239600e-07
6.000000e+01	6.500000e+01	2.695416e-05	2.185580e-06	3.402800e-07
6.500000e+01	7.000000e+01	2.285886e-05	1.837880e-06	2.983200e-07
7.000000e+01	7.500000e+01	1.931521e-05	1.536464e-06	2.252280e-07
7.500000e+01	8.000000e+01	1.682102e-05	1.280386e-06	1.357160e-07
8.000000e+01	8.500000e+01	1.446392e-05	1.141936e-06	1.649460e-07
8.500000e+01	9.000000e+01	1.261591e-05	9.775740e-07	1.454220e-07
9.000000e+01	9.500000e+01	1.102431e-05	8.532860e-07	1.288160e-07
9.500000e+01	1.000000e+02	9.685794e-06	7.381560e-07	1.103420e-07
1.000000e+02	1.050000e+02	8.505896e-06	6.488960e-07	8.831200e-08
1.050000e+02	1.100000e+02	7.573240e-06	5.780640e-07	8.604600e-08
1.100000e+02	1.150000e+02	6.654064e-06	5.035100e-07	6.806400e-08
1.150000e+02	1.200000e+02	5.995546e-06	4.621300e-07	6.427400e-08
1.200000e+02	1.250000e+02	5.281688e-06	4.081560e-07	5.617200e-08
1.250000e+02	1.300000e+02	4.812638e-06	3.662300e-07	4.957400e-08
1.300000e+02	1.350000e+02	4.224958e-06	3.097360e-07	4.465800e-08
1.350000e+02	1.400000e+02	3.828730e-06	2.959720e-07	4.393600e-08
1.400000e+02	1.450000e+02	3.477478e-06	2.630940e-07	4.565600e-08
1.450000e+02	1.500000e+02	3.071730e-06	2.217040e-07	3.089600e-08
1.500000e+02	1.550000e+02	2.870770e-06	2.061380e-07	3.600800e-08
1.550000e+02	1.600000e+02	2.530740e-06	1.795680e-07	2.995600e-08
1.600000e+02	1.650000e+02	2.240124e-06	1.750040e-07	2.330600e-08
1.650000e+02	1.700000e+02	2.150556e-06	1.652902e-07	3.585400e-08
1.700000e+02	1.750000e+02	1.913812e-06	1.454990e-07	3.227080e-08
1.750000e+02	1.800000e+02	1.816815e-06	1.401834e-07	2.752340e-08
1.800000e+02	1.850000e+02	1.577070e-06	1.179702e-07	2.074580e-08
1.850000e+02	1.900000e+02	1.473413e-06	1.113078e-07	2.567080e-08
1.900000e+02	1.950000e+02	1.342009e-06	9.929860e-08	2.100040e-08
1.950000e+02	2.000000e+02	1.250082e-06	9.507960e-08	2.242620e-08
2.000000e+02	2.050000e+02	1.121973e-06	8.107620e-08	1.811900e-08
2.050000e+02	2.100000e+02	1.021192e-06	7.124400e-08	1.525460e-08
2.100000e+02	2.150000e+02	9.609008e-07	7.277220e-08	1.825740e-08
2.150000e+02	2.200000e+02	8.726130e-07	6.758260e-08	1.847900e-08
2.200000e+02	2.250000e+02	8.301642e-07	6.403600e-08	1.361600e-08
2.250000e+02	2.300000e+02	7.429268e-07	5.414280e-08	1.281480e-08
2.300000e+02	2.350000e+02	6.784204e-07	5.015380e-08	1.527140e-08
2.350000e+02	2.400000e+02	6.454988e-07	4.910440e-08	1.264800e-08
2.400000e+02	2.450000e+02	5.874578e-07	4.411580e-08	1.330120e-08
2.450000e+02	2.500000e+02	5.496968e-07	4.418340e-08	1.136160e-08
2.500000e+02	2.550000e+02	4.997062e-07	3.738920e-08	9.604000e-09
2.550000e+02	2.600000e+02	4.674658e-07	4.242040e-08	1.886420e-08
2.600000e+02	2.650000e+02	4.307264e-07	3.265440e-08	1.113300e-08
2.650000e+02	2.700000e+02	4.161954e-07	3.158820e-08	1.068040e-08
2.700000e+02	2.750000e+02	3.819274e-07	2.973220e-08	9.780400e-09
2.750000e+02	2.800000e+02	3.734118e-07	3.162500e-08	9.547400e-09
2.800000e+02	2.850000e+02	3.343758e-07	2.639860e-08	7.089400e-09
2.850000e+02	2.900000e+02	3.065426e-07	2.468080e-08	7.534400e-09
2.900000e+02	2.950000e+02	2.854746e-07	2.177800e-08	7.932800e-09
2.950000e+02	3.000000e+02	2.819264e-07	2.228380e-08	8.854800e-09
3.000000e+02	3.050000e+02	2.487274e-07	1.794260e-08	3.753200e-09
3.050000e+02	3.100000e+02	2.318528e-07	1.808220e-08	5.592200e-09
3.100000e+02	3.150000e+02	2.292566e-07	1.757860e-08	4.884600e-09
3.150000e+02	3.200000e+02	2.157942e-07	1.643256e-08	5.155200e-09
3.200000e+02	3.250000e+02	1.954154e-07	1.414062e-08	4.781380e-09
3.250000e+02	3.300000e+02	1.691967e-07	1.256130e-08	2.752040e-09
3.300000e+02	3.350000e+02	1.774218e-07	1.449792e-08	6.715360e-09
3.350000e+02	3.400000e+02	1.718546e-07	1.383854e-08	5.349460e-09
3.400000e+02	3.450000e+02	1.481893e-07	1.194646e-08	3.042500e-09
3.450000e+02	3.500000e+02	1.511603e-07	1.251902e-08	5.713520e-09
3.500000e+02	3.550000e+02	1.529705e-07	1.335044e-08	5.840640e-09
3.550000e+02	3.600000e+02	1.297347e-07	1.015262e-08	4.767260e-09
3.600000e+02	3.650000e+02	1.252849e-07	1.085840e-08	5.459920e-09
3.650000e+02	3.700000e+02	1.040125e-07	7.889180e-09	2.193540e-09
3.700000e+02	3.750000e+02	1.197647e-07	9.660900e-09	3.625800e-09
3.750000e+02	3.800000e+02	1.050649e-07	8.541500e-09	2.192480e-09
3.800000e+02	3.850000e+02	9.020012e-08	6.629420e-09	2.409120e-09
3.850000e+02	3.900000e+02	9.894372e-08	8.214260e-09	3.151840e-09
3.900000e+02	3.950000e+02	9.484782e-08	7.900800e-09	3.203480e-09
3.950000e+02	4.000000e+02	8.104892e-08	6.832040e-09	1.870820e-09
4.000000e+02	4.050000e+02	7.548084e-08	5.773440e-09	2.197400e-09
4.050000e+02	4.100000e+02	7.630036e-08	5.990180e-09	2.902580e-09
4.100000e+02	4.150000e+02	7.391248e-08	6.599040e-09	2.561700e-09
4.150000e+02	4.200000e+02	6.724852e-08	5.595760e-09	2.240040e-09
4.200000e+02	4.250000e+02	6.070830e-08	4.706040e-09	1.809980e-09
4.250000e+02	4.300000e+02	6.098878e-08	4.780020e-09	2.593580e-09
4.300000e+02	4.350000e+02	5.190250e-08	4.016560e-09	1.487800e-09
4.350000e+02	4.400000e+02	5.734408e-08	4.902760e-09	1.871440e-09
4.400000e+02	4.450000e+02	5.016610e-08	3.919620e-09	2.127460e-09
4.450000e+02	4.500000e+02	4.602912e-08	3.542240e-09	1.512920e-09
4.500000e+02	4.550000e+02	4.309008e-08	3.343880e-09	1.395100e-09
4.550000e+02	4.600000e+02	4.886260e-08	4.021040e-09	2.142600e-09
4.600000e+02	4.650000e+02	4.411532e-08	4.090980e-09	2.020600e-09
4.650000e+02	4.700000e+02	4.051782e-08	3.049180e-09	1.804020e-09
4.700000e+02	4.750000e+02	4.460816e-08	4.061700e-09	2.756820e-09
4.750000e+02	4.800000e+02	3.216062e-08	2.450760e-09	7.335400e-10
4.800000e+02	4.850000e+02	3.516146e-08	2.949520e-09	4.167200e-10
4.850000e+02	4.900000e+02	3.160284e-08	2.569960e-09	1.238120e-09
4.900000e+02	4.950000e+02	3.515380e-08	3.087540e-09	1.968560e-09
4.950000e+02	5.000000e+02	2.908572e-08	2.279840e-09	1.214360e-09
# END HISTO1D

# BEGIN HISTO1D //home/marek/work/aav-ew/results/yodas/envelopes-aaz/aaz_BVIRS_EW.yoda/MC_AAZ_NLOEW/pT_y1
ErrorBandColor=orange
ErrorBandOpacity=0.4
ErrorBands=1
ErrorType=env
LineColor=orange!80!black
LineStyle=solid
LineWidth=1.5pt
Name=NLO-EW
Path=//home/marek/work/aav-ew/results/yodas/envelopes-aaz/aaz_BVIRS_EW.yoda/MC_AAZ_NLOEW/pT_y1
Title=NLO EW
# xlow	 xhigh	 val	 errminus	 errplus
0.000000e+00	5.000000e+00	0.000000e+00	0.000000e+00	0.000000e+00
5.000000e+00	1.000000e+01	0.000000e+00	0.000000e+00	0.000000e+00
1.000000e+01	1.500000e+01	0.000000e+00	0.000000e+00	0.000000e+00
1.500000e+01	2.000000e+01	1.184639e-04	1.635710e-05	1.492110e-05
2.000000e+01	2.500000e+01	1.392073e-04	1.713950e-05	1.537880e-05
2.500000e+01	3.000000e+01	1.085070e-04	1.221116e-05	1.083190e-05
3.000000e+01	3.500000e+01	7.963540e-05	8.197790e-06	7.193200e-06
3.500000e+01	4.000000e+01	5.992347e-05	5.676560e-06	4.931100e-06
4.000000e+01	4.500000e+01	4.640263e-05	4.076770e-06	3.509560e-06
4.500000e+01	5.000000e+01	3.680510e-05	3.017510e-06	2.576210e-06
5.000000e+01	5.500000e+01	2.957692e-05	2.267310e-06	1.920090e-06
5.500000e+01	6.000000e+01	2.417037e-05	1.735620e-06	1.458150e-06
6.000000e+01	6.500000e+01	2.006390e-05	1.352540e-06	1.127420e-06
6.500000e+01	7.000000e+01	1.686276e-05	1.068110e-06	8.833600e-07
7.000000e+01	7.500000e+01	1.435207e-05	8.566700e-07	7.029800e-07
7.500000e+01	8.000000e+01	1.230211e-05	6.909500e-07	5.623800e-07
8.000000e+01	8.500000e+01	1.064458e-05	5.624600e-07	4.539200e-07
8.500000e+01	9.000000e+01	9.238361e-06	4.584760e-07	3.666770e-07
9.000000e+01	9.500000e+01	8.066443e-06	3.756040e-07	2.975370e-07
9.500000e+01	1.000000e+02	7.066167e-06	3.081670e-07	2.415980e-07
1.000000e+02	1.050000e+02	6.216562e-06	2.534790e-07	1.965270e-07
1.050000e+02	1.100000e+02	5.482917e-06	2.079440e-07	1.591870e-07
1.100000e+02	1.150000e+02	4.878751e-06	1.719770e-07	1.298630e-07
1.150000e+02	1.200000e+02	4.298286e-06	1.408230e-07	1.047860e-07
1.200000e+02	1.250000e+02	3.827815e-06	1.159530e-07	8.483300e-08
1.250000e+02	1.300000e+02	3.419242e-06	9.535200e-08	6.842000e-08
1.300000e+02	1.350000e+02	3.057414e-06	7.792200e-08	5.463100e-08
1.350000e+02	1.400000e+02	2.734650e-06	6.319500e-08	4.308500e-08
1.400000e+02	1.450000e+02	2.455288e-06	5.148700e-08	3.403400e-08
1.450000e+02	1.500000e+02	2.207766e-06	4.172000e-08	2.654700e-08
1.500000e+02	1.550000e+02	1.991106e-06	3.341700e-08	2.022800e-08
1.550000e+02	1.600000e+02	1.783905e-06	2.604200e-08	1.470300e-08
1.600000e+02	1.650000e+02	1.619986e-06	2.058100e-08	1.065500e-08
1.650000e+02	1.700000e+02	1.470214e-06	1.574400e-08	7.098000e-09
1.700000e+02	1.750000e+02	1.333180e-06	1.154900e-08	4.061000e-09
1.750000e+02	1.800000e+02	1.213714e-06	8.539000e-09	1.967000e-09
1.800000e+02	1.850000e+02	1.091347e-06	5.653000e-09	6.000000e-12
1.850000e+02	1.900000e+02	9.988876e-07	3.564300e-09	0.000000e+00
1.900000e+02	1.950000e+02	9.094389e-07	2.662000e-09	0.000000e+00
1.950000e+02	2.000000e+02	8.355897e-07	3.616000e-09	0.000000e+00
2.000000e+02	2.050000e+02	7.679981e-07	4.439600e-09	1.150300e-09
2.050000e+02	2.100000e+02	6.979217e-07	5.023900e-09	2.194900e-09
2.100000e+02	2.150000e+02	6.435250e-07	5.518300e-09	3.053900e-09
2.150000e+02	2.200000e+02	5.754617e-07	5.633200e-09	3.541800e-09
2.200000e+02	2.250000e+02	5.390027e-07	5.997800e-09	4.160200e-09
2.250000e+02	2.300000e+02	5.012795e-07	6.137300e-09	4.524100e-09
2.300000e+02	2.350000e+02	4.501679e-07	6.087100e-09	4.734100e-09
2.350000e+02	2.400000e+02	4.134739e-07	6.075300e-09	4.918200e-09
2.400000e+02	2.450000e+02	3.820759e-07	6.098600e-09	5.115900e-09
2.450000e+02	2.500000e+02	3.553118e-07	6.142500e-09	5.311000e-09
2.500000e+02	2.550000e+02	3.340819e-07	6.053800e-09	5.318900e-09
2.550000e+02	2.600000e+02	3.010788e-07	5.846200e-09	5.257100e-09
2.600000e+02	2.650000e+02	2.808251e-07	5.745600e-09	5.248100e-09
2.650000e+02	2.700000e+02	2.585198e-07	5.578700e-09	5.177100e-09
2.700000e+02	2.750000e+02	2.399311e-07	5.409900e-09	5.078200e-09
2.750000e+02	2.800000e+02	2.223199e-07	5.231200e-09	4.964400e-09
2.800000e+02	2.850000e+02	2.069439e-07	5.067300e-09	4.856100e-09
2.850000e+02	2.900000e+02	1.948792e-07	4.968700e-09	4.808000e-09
2.900000e+02	2.950000e+02	1.786596e-07	4.736800e-09	4.623900e-09
2.950000e+02	3.000000e+02	1.679459e-07	4.577700e-09	4.496100e-09
3.000000e+02	3.050000e+02	1.547969e-07	4.374000e-09	4.327300e-09
3.050000e+02	3.100000e+02	1.464332e-07	4.252100e-09	4.232200e-09
3.100000e+02	3.150000e+02	1.324159e-07	3.972900e-09	3.980400e-09
3.150000e+02	3.200000e+02	1.242898e-07	3.849000e-09	3.880200e-09
3.200000e+02	3.250000e+02	1.202106e-07	3.826200e-09	3.876300e-09
3.250000e+02	3.300000e+02	1.113706e-07	3.633700e-09	3.698100e-09
3.300000e+02	3.350000e+02	1.041569e-07	3.506000e-09	3.588900e-09
3.350000e+02	3.400000e+02	9.772970e-08	3.335300e-09	3.422800e-09
3.400000e+02	3.450000e+02	9.343772e-08	3.264320e-09	3.363570e-09
3.450000e+02	3.500000e+02	8.588334e-08	3.067470e-09	3.173200e-09
3.500000e+02	3.550000e+02	7.730924e-08	2.822320e-09	2.929410e-09
3.550000e+02	3.600000e+02	7.477349e-08	2.770430e-09	2.882600e-09
3.600000e+02	3.650000e+02	7.007435e-08	2.655820e-09	2.774140e-09
3.650000e+02	3.700000e+02	6.815738e-08	2.640290e-09	2.767580e-09
3.700000e+02	3.750000e+02	6.306812e-08	2.483920e-09	2.610360e-09
3.750000e+02	3.800000e+02	5.791255e-08	2.311800e-09	2.434980e-09
3.800000e+02	3.850000e+02	6.025246e-08	2.466730e-09	2.607600e-09
3.850000e+02	3.900000e+02	5.246509e-08	2.172740e-09	2.301560e-09
3.900000e+02	3.950000e+02	5.019743e-08	2.110890e-09	2.241040e-09
3.950000e+02	4.000000e+02	4.746958e-08	2.034940e-09	2.166470e-09
4.000000e+02	4.050000e+02	4.636588e-08	2.023240e-09	2.159880e-09
4.050000e+02	4.100000e+02	4.299809e-08	1.888590e-09	2.018080e-09
4.100000e+02	4.150000e+02	4.040223e-08	1.805240e-09	1.934410e-09
4.150000e+02	4.200000e+02	3.640673e-08	1.639710e-09	1.758570e-09
4.200000e+02	4.250000e+02	3.904878e-08	1.793830e-09	1.929220e-09
4.250000e+02	4.300000e+02	3.299576e-08	1.527980e-09	1.645350e-09
4.300000e+02	4.350000e+02	3.223474e-08	1.520380e-09	1.641200e-09
4.350000e+02	4.400000e+02	2.911417e-08	1.393820e-09	1.507630e-09
4.400000e+02	4.450000e+02	2.771995e-08	1.341070e-09	1.452910e-09
4.450000e+02	4.500000e+02	2.675793e-08	1.301510e-09	1.411350e-09
4.500000e+02	4.550000e+02	2.517930e-08	1.234710e-09	1.340320e-09
4.550000e+02	4.600000e+02	2.454584e-08	1.218190e-09	1.324520e-09
4.600000e+02	4.650000e+02	2.384880e-08	1.201460e-09	1.308740e-09
4.650000e+02	4.700000e+02	2.308219e-08	1.173620e-09	1.280180e-09
4.700000e+02	4.750000e+02	2.093220e-08	1.078730e-09	1.178850e-09
4.750000e+02	4.800000e+02	2.015672e-08	1.052120e-09	1.151630e-09
4.800000e+02	4.850000e+02	1.740237e-08	9.134500e-10	1.000590e-09
4.850000e+02	4.900000e+02	1.832957e-08	9.719200e-10	1.066260e-09
4.900000e+02	4.950000e+02	1.656636e-08	8.874000e-10	9.748700e-10
4.950000e+02	5.000000e+02	1.705962e-08	9.224000e-10	1.014230e-09
# END HISTO1D

# BEGIN HISTO1D //home/marek/work/aav-ew/results/yodas/envelopes-aaz/aaz_BVIRS_QCD+EW.yoda/MC_AAZ_NLOEW/pT_y1
ErrorType=env
LineColor=red!90!black
LineStyle=solid
LineWidth=1.5pt
Name=NLO-QCD+EW
Path=//home/marek/work/aav-ew/results/yodas/envelopes-aaz/aaz_BVIRS_QCD+EW.yoda/MC_AAZ_NLOEW/pT_y1
Title=NLO QCD+EW
# xlow	 xhigh	 val	 errminus	 errplus
0.000000e+00	5.000000e+00	0.000000e+00	0.000000e+00	0.000000e+00
5.000000e+00	1.000000e+01	0.000000e+00	0.000000e+00	0.000000e+00
1.000000e+01	1.500000e+01	0.000000e+00	0.000000e+00	0.000000e+00
1.500000e+01	2.000000e+01	1.489568e-04	1.512210e-05	3.158800e-06
2.000000e+01	2.500000e+01	1.764232e-04	1.711860e-05	3.372300e-06
2.500000e+01	3.000000e+01	1.371824e-04	1.282190e-05	2.411700e-06
3.000000e+01	3.500000e+01	9.823200e-05	1.009407e-05	2.538000e-06
3.500000e+01	4.000000e+01	7.717801e-05	6.867680e-06	1.131960e-06
4.000000e+01	4.500000e+01	5.993526e-05	5.274600e-06	8.701000e-07
4.500000e+01	5.000000e+01	4.820390e-05	4.175790e-06	7.221500e-07
5.000000e+01	5.500000e+01	3.858679e-05	3.281920e-06	5.297300e-07
5.500000e+01	6.000000e+01	3.148210e-05	2.647870e-06	4.239500e-07
6.000000e+01	6.500000e+01	2.622993e-05	2.185590e-06	3.402700e-07
6.500000e+01	7.000000e+01	2.219356e-05	1.837880e-06	2.983200e-07
7.000000e+01	7.500000e+01	1.871779e-05	1.536470e-06	2.252300e-07
7.500000e+01	8.000000e+01	1.629294e-05	1.280390e-06	1.357200e-07
8.000000e+01	8.500000e+01	1.398191e-05	1.141930e-06	1.649500e-07
8.500000e+01	9.000000e+01	1.217542e-05	9.775700e-07	1.454200e-07
9.000000e+01	9.500000e+01	1.062710e-05	8.532840e-07	1.288200e-07
9.500000e+01	1.000000e+02	9.296697e-06	7.381550e-07	1.103420e-07
1.000000e+02	1.050000e+02	8.148805e-06	6.488950e-07	8.831300e-08
1.050000e+02	1.100000e+02	7.241906e-06	5.780640e-07	8.604600e-08
1.100000e+02	1.150000e+02	6.359059e-06	5.035110e-07	7.094900e-08
1.150000e+02	1.200000e+02	5.709946e-06	4.621300e-07	6.702800e-08
1.200000e+02	1.250000e+02	5.014054e-06	4.092440e-07	6.427800e-08
1.250000e+02	1.300000e+02	4.570954e-06	3.662310e-07	5.631500e-08
1.300000e+02	1.350000e+02	3.997227e-06	3.097360e-07	5.046000e-08
1.350000e+02	1.400000e+02	3.621142e-06	2.964480e-07	4.873300e-08
1.400000e+02	1.450000e+02	3.278112e-06	2.658590e-07	4.983700e-08
1.450000e+02	1.500000e+02	2.882066e-06	2.217040e-07	3.448100e-08
1.500000e+02	1.550000e+02	2.696276e-06	2.070360e-07	3.893800e-08
1.550000e+02	1.600000e+02	2.350900e-06	1.810510e-07	3.258000e-08
1.600000e+02	1.650000e+02	2.088245e-06	1.760020e-07	2.523600e-08
1.650000e+02	1.700000e+02	2.001897e-06	1.660080e-07	3.744500e-08
1.700000e+02	1.750000e+02	1.778976e-06	1.456440e-07	3.343900e-08
1.750000e+02	1.800000e+02	1.690498e-06	1.403870e-07	2.841200e-08
1.800000e+02	1.850000e+02	1.450897e-06	1.179710e-07	2.140000e-08
1.850000e+02	1.900000e+02	1.359801e-06	1.111500e-07	2.607600e-08
1.900000e+02	1.950000e+02	1.233904e-06	9.898200e-08	2.119500e-08
1.950000e+02	2.000000e+02	1.154972e-06	9.466800e-08	2.244400e-08
2.000000e+02	2.050000e+02	1.035015e-06	8.057360e-08	1.798900e-08
2.050000e+02	2.100000e+02	9.327109e-07	7.060720e-08	1.497630e-08
2.100000e+02	2.150000e+02	8.828244e-07	7.210260e-08	1.788690e-08
2.150000e+02	2.200000e+02	7.908639e-07	6.678230e-08	1.797580e-08
2.200000e+02	2.250000e+02	7.571955e-07	6.322400e-08	1.305280e-08
2.250000e+02	2.300000e+02	6.809913e-07	5.338450e-08	1.225600e-08
2.300000e+02	2.350000e+02	6.143210e-07	4.928720e-08	1.459720e-08
2.350000e+02	2.400000e+02	5.810960e-07	4.815810e-08	1.188210e-08
2.400000e+02	2.450000e+02	5.317344e-07	4.322630e-08	1.255510e-08
2.450000e+02	2.500000e+02	4.982086e-07	4.329340e-08	1.059210e-08
2.500000e+02	2.550000e+02	4.579405e-07	3.663230e-08	8.939000e-09
2.550000e+02	2.600000e+02	4.206499e-07	4.151160e-08	1.804670e-08
2.600000e+02	2.650000e+02	3.867940e-07	3.175540e-08	1.031190e-08
2.650000e+02	2.700000e+02	3.715097e-07	3.062400e-08	9.785500e-09
2.700000e+02	2.750000e+02	3.409442e-07	2.880800e-08	8.913100e-09
2.750000e+02	2.800000e+02	3.354824e-07	3.073250e-08	8.700400e-09
2.800000e+02	2.850000e+02	2.998544e-07	2.555320e-08	6.279500e-09
2.850000e+02	2.900000e+02	2.759624e-07	2.390110e-08	6.780000e-09
2.900000e+02	2.950000e+02	2.531867e-07	2.092200e-08	7.097300e-09
2.950000e+02	3.000000e+02	2.524931e-07	2.148170e-08	8.066600e-09
3.000000e+02	3.050000e+02	2.201870e-07	1.717410e-08	2.955300e-09
3.050000e+02	3.100000e+02	2.065093e-07	1.734610e-08	4.859700e-09
3.100000e+02	3.150000e+02	2.011143e-07	1.673420e-08	4.038700e-09
3.150000e+02	3.200000e+02	1.893495e-07	1.561370e-08	4.329600e-09
3.200000e+02	3.250000e+02	1.739831e-07	1.345840e-08	4.090300e-09
3.250000e+02	3.300000e+02	1.486852e-07	1.189200e-08	2.071000e-09
3.300000e+02	3.350000e+02	1.573104e-07	1.382100e-08	6.022400e-09
3.350000e+02	3.400000e+02	1.519584e-07	1.315960e-08	4.652600e-09
3.400000e+02	3.450000e+02	1.326356e-07	1.140310e-08	2.482600e-09
3.450000e+02	3.500000e+02	1.334944e-07	1.188810e-08	5.060800e-09
3.500000e+02	3.550000e+02	1.316453e-07	1.257190e-08	5.032600e-09
3.550000e+02	3.600000e+02	1.119604e-07	9.494100e-09	4.082000e-09
3.600000e+02	3.650000e+02	1.090857e-07	1.024441e-08	4.818600e-09
3.650000e+02	3.700000e+02	9.032576e-08	7.359000e-09	1.637780e-09
3.700000e+02	3.750000e+02	1.049782e-07	9.078500e-09	3.013800e-09
3.750000e+02	3.800000e+02	9.008845e-08	7.943660e-09	1.562780e-09
3.800000e+02	3.850000e+02	8.121638e-08	6.261640e-09	2.020320e-09
3.850000e+02	3.900000e+02	8.623267e-08	7.687860e-09	2.594220e-09
3.900000e+02	3.950000e+02	8.361777e-08	7.428550e-09	2.702120e-09
3.950000e+02	4.000000e+02	7.006828e-08	6.361320e-09	1.369670e-09
4.000000e+02	4.050000e+02	6.615776e-08	5.366610e-09	1.763090e-09
4.050000e+02	4.100000e+02	6.669971e-08	5.568490e-09	2.451980e-09
4.100000e+02	4.150000e+02	6.505791e-08	6.203400e-09	2.137750e-09
4.150000e+02	4.200000e+02	5.753049e-08	5.158060e-09	1.770630e-09
4.200000e+02	4.250000e+02	5.439312e-08	4.415920e-09	1.497980e-09
4.250000e+02	4.300000e+02	5.187958e-08	4.358190e-09	2.139360e-09
4.300000e+02	4.350000e+02	4.452175e-08	3.668430e-09	1.112030e-09
4.350000e+02	4.400000e+02	4.895390e-08	4.501090e-09	1.436960e-09
4.400000e+02	4.450000e+02	4.161474e-08	3.505920e-09	1.679240e-09
4.450000e+02	4.500000e+02	3.887476e-08	3.194240e-09	1.135580e-09
4.500000e+02	4.550000e+02	3.605554e-08	2.998920e-09	1.020630e-09
4.550000e+02	4.600000e+02	4.236221e-08	3.698430e-09	1.791820e-09
4.600000e+02	4.650000e+02	3.817902e-08	3.791930e-09	1.694830e-09
4.650000e+02	4.700000e+02	3.528940e-08	2.783340e-09	1.514030e-09
4.700000e+02	4.750000e+02	3.895225e-08	3.770230e-09	2.438300e-09
4.750000e+02	4.800000e+02	2.591187e-08	2.124600e-09	3.765300e-10
4.800000e+02	4.850000e+02	2.843544e-08	2.949520e-09	3.871500e-10
4.850000e+02	4.900000e+02	2.721699e-08	2.337400e-09	9.830100e-10
4.900000e+02	4.950000e+02	2.961940e-08	2.791080e-09	1.642890e-09
4.950000e+02	5.000000e+02	2.477316e-08	2.046670e-09	9.579700e-10
# END HISTO1D

# BEGIN HISTO1D //home/marek/work/aav-ew/results/yodas/envelopes-aaz/aaz_BVIRS_QCDxEW.yoda/MC_AAZ_NLOEW/pT_y1
ErrorBandColor=gray
ErrorBandOpacity=0.4
ErrorBandStyle=vlines*
ErrorBands=1
ErrorType=env
LineColor=black
LineStyle=solid
LineWidth=1.5pt
Name=NLO-QCDxEW
Path=//home/marek/work/aav-ew/results/yodas/envelopes-aaz/aaz_BVIRS_QCDxEW.yoda/MC_AAZ_NLOEW/pT_y1
Title=NLO QCD$\times$EW
# xlow	 xhigh	 val	 errminus	 errplus
0.000000e+00	5.000000e+00	0.000000e+00	0.000000e+00	0.000000e+00
5.000000e+00	1.000000e+01	0.000000e+00	0.000000e+00	0.000000e+00
1.000000e+01	1.500000e+01	0.000000e+00	0.000000e+00	0.000000e+00
1.500000e+01	2.000000e+01	1.473804e-04	1.434040e-05	3.577900e-06
2.000000e+01	2.500000e+01	1.747082e-04	1.632970e-05	3.925600e-06
2.500000e+01	3.000000e+01	1.359207e-04	1.225780e-05	2.782200e-06
3.000000e+01	3.500000e+01	9.746529e-05	9.677920e-06	2.433410e-06
3.500000e+01	4.000000e+01	7.652241e-05	6.606740e-06	1.247810e-06
4.000000e+01	4.500000e+01	5.944180e-05	5.082280e-06	8.550200e-07
4.500000e+01	5.000000e+01	4.781868e-05	4.034660e-06	6.977500e-07
5.000000e+01	5.500000e+01	3.829314e-05	3.174970e-06	5.124600e-07
5.500000e+01	6.000000e+01	3.124004e-05	2.560210e-06	4.099200e-07
6.000000e+01	6.500000e+01	2.601510e-05	2.109440e-06	3.284200e-07
6.500000e+01	7.000000e+01	2.199122e-05	1.768120e-06	2.869900e-07
7.000000e+01	7.500000e+01	1.854332e-05	1.475060e-06	2.162300e-07
7.500000e+01	8.000000e+01	1.612868e-05	1.227690e-06	1.301300e-07
8.000000e+01	8.500000e+01	1.383734e-05	1.092460e-06	1.578000e-07
8.500000e+01	9.000000e+01	1.204176e-05	9.330900e-07	1.388000e-07
9.000000e+01	9.500000e+01	1.050693e-05	8.132410e-07	1.227700e-07
9.500000e+01	1.000000e+02	9.180284e-06	6.996310e-07	1.045830e-07
1.000000e+02	1.050000e+02	8.043844e-06	6.136470e-07	8.351500e-08
1.050000e+02	1.100000e+02	7.141669e-06	5.451220e-07	8.114200e-08
1.100000e+02	1.150000e+02	6.274652e-06	4.748000e-07	6.418300e-08
1.150000e+02	1.200000e+02	5.621992e-06	4.333360e-07	6.027000e-08
1.200000e+02	1.250000e+02	4.936533e-06	3.814830e-07	5.250200e-08
1.250000e+02	1.300000e+02	4.494921e-06	3.420520e-07	4.630100e-08
1.300000e+02	1.350000e+02	3.932076e-06	2.882640e-07	4.156300e-08
1.350000e+02	1.400000e+02	3.558596e-06	2.750900e-07	4.083600e-08
1.400000e+02	1.450000e+02	3.216317e-06	2.433350e-07	4.222800e-08
1.450000e+02	1.500000e+02	2.828721e-06	2.041650e-07	2.845200e-08
1.500000e+02	1.550000e+02	2.639457e-06	1.895280e-07	3.310700e-08
1.550000e+02	1.600000e+02	2.298973e-06	1.631230e-07	2.721300e-08
1.600000e+02	1.650000e+02	2.048107e-06	1.600030e-07	2.130900e-08
1.650000e+02	1.700000e+02	1.953073e-06	1.501120e-07	3.256200e-08
1.700000e+02	1.750000e+02	1.738030e-06	1.321350e-07	2.930700e-08
1.750000e+02	1.800000e+02	1.645555e-06	1.269700e-07	2.492800e-08
1.800000e+02	1.850000e+02	1.413637e-06	1.057450e-07	1.859600e-08
1.850000e+02	1.900000e+02	1.322943e-06	9.994100e-08	2.304900e-08
1.900000e+02	1.950000e+02	1.199432e-06	8.874900e-08	1.877000e-08
1.950000e+02	2.000000e+02	1.122334e-06	8.536300e-08	2.013400e-08
2.000000e+02	2.050000e+02	1.007857e-06	7.283020e-08	1.627600e-08
2.050000e+02	2.100000e+02	9.062939e-07	6.322810e-08	1.353830e-08
2.100000e+02	2.150000e+02	8.569325e-07	6.489830e-08	1.628200e-08
2.150000e+02	2.200000e+02	7.640704e-07	5.917610e-08	1.618040e-08
2.200000e+02	2.250000e+02	7.311792e-07	5.640060e-08	1.199250e-08
2.250000e+02	2.300000e+02	6.612288e-07	4.818880e-08	1.140560e-08
2.300000e+02	2.350000e+02	5.938605e-07	4.390260e-08	1.336790e-08
2.350000e+02	2.400000e+02	5.585060e-07	4.248670e-08	1.094340e-08
2.400000e+02	2.450000e+02	5.126859e-07	3.850070e-08	1.160820e-08
2.450000e+02	2.500000e+02	4.801223e-07	3.859110e-08	9.923600e-09
2.500000e+02	2.550000e+02	4.441768e-07	3.323430e-08	8.536800e-09
2.550000e+02	2.600000e+02	4.045592e-07	3.671190e-08	1.632560e-08
2.600000e+02	2.650000e+02	3.724589e-07	2.823700e-08	9.626900e-09
2.650000e+02	2.700000e+02	3.548574e-07	2.693280e-08	9.106400e-09
2.700000e+02	2.750000e+02	3.262074e-07	2.539460e-08	8.353500e-09
2.750000e+02	2.800000e+02	3.189899e-07	2.701590e-08	8.155900e-09
2.800000e+02	2.850000e+02	2.865714e-07	2.262450e-08	6.075900e-09
2.850000e+02	2.900000e+02	2.649647e-07	2.133320e-08	6.512500e-09
2.900000e+02	2.950000e+02	2.417796e-07	1.844460e-08	6.718600e-09
2.950000e+02	3.000000e+02	2.398853e-07	1.896090e-08	7.534300e-09
3.000000e+02	3.050000e+02	2.100074e-07	1.514940e-08	3.169000e-09
3.050000e+02	3.100000e+02	1.976459e-07	1.541440e-08	4.767100e-09
3.100000e+02	3.150000e+02	1.890730e-07	1.449740e-08	4.028500e-09
3.150000e+02	3.200000e+02	1.779355e-07	1.354970e-08	4.250700e-09
3.200000e+02	3.250000e+02	1.658467e-07	1.200100e-08	4.057900e-09
3.250000e+02	3.300000e+02	1.428817e-07	1.060770e-08	2.324000e-09
3.300000e+02	3.350000e+02	1.487081e-07	1.215160e-08	5.628600e-09
3.350000e+02	3.400000e+02	1.427857e-07	1.149780e-08	4.444600e-09
3.400000e+02	3.450000e+02	1.270418e-07	1.024160e-08	2.608300e-09
3.450000e+02	3.500000e+02	1.253718e-07	1.038330e-08	4.738700e-09
3.500000e+02	3.550000e+02	1.198977e-07	1.046410e-08	4.577800e-09
3.550000e+02	3.600000e+02	1.048184e-07	8.202710e-09	3.851700e-09
3.600000e+02	3.650000e+02	1.017607e-07	8.819520e-09	4.434800e-09
3.650000e+02	3.700000e+02	8.661856e-08	6.569880e-09	1.826720e-09
3.700000e+02	3.750000e+02	9.701849e-08	7.826060e-09	2.937170e-09
3.750000e+02	3.800000e+02	8.347728e-08	6.786480e-09	1.741990e-09
3.800000e+02	3.850000e+02	7.849620e-08	5.769220e-09	2.096530e-09
3.850000e+02	3.900000e+02	7.964710e-08	6.612260e-09	2.537150e-09
3.900000e+02	3.950000e+02	7.750793e-08	6.456390e-09	2.617830e-09
3.950000e+02	4.000000e+02	6.582282e-08	5.548550e-09	1.519360e-09
4.000000e+02	4.050000e+02	6.284433e-08	4.806890e-09	1.829520e-09
4.050000e+02	4.100000e+02	6.237355e-08	4.896820e-09	2.372780e-09
4.100000e+02	4.150000e+02	6.062572e-08	5.412770e-09	2.101200e-09
4.150000e+02	4.200000e+02	5.307992e-08	4.416790e-09	1.768090e-09
4.200000e+02	4.250000e+02	5.225702e-08	4.050910e-09	1.558010e-09
4.250000e+02	4.300000e+02	4.779416e-08	3.745880e-09	2.032470e-09
4.300000e+02	4.350000e+02	4.223257e-08	3.268240e-09	1.210610e-09
4.350000e+02	4.400000e+02	4.451550e-08	3.805950e-09	1.452770e-09
4.400000e+02	4.450000e+02	3.833888e-08	2.995530e-09	1.625880e-09
4.450000e+02	4.500000e+02	3.631853e-08	2.794950e-09	1.193740e-09
4.500000e+02	4.550000e+02	3.368049e-08	2.613670e-09	1.090460e-09
4.550000e+02	4.600000e+02	3.863185e-08	3.179120e-09	1.693990e-09
4.600000e+02	4.650000e+02	3.532294e-08	3.275630e-09	1.617890e-09
4.650000e+02	4.700000e+02	3.303495e-08	2.486050e-09	1.470850e-09
4.700000e+02	4.750000e+02	3.511897e-08	3.197680e-09	2.170380e-09
4.750000e+02	4.800000e+02	2.454994e-08	1.870790e-09	5.599600e-10
4.800000e+02	4.850000e+02	2.535986e-08	2.127310e-09	3.005500e-10
4.850000e+02	4.900000e+02	2.550103e-08	2.073760e-09	9.990700e-10
4.900000e+02	4.950000e+02	2.635070e-08	2.314360e-09	1.475600e-09
4.950000e+02	5.000000e+02	2.321669e-08	1.819810e-09	9.693200e-10
# END HISTO1D

